% Model:              nanoholes_rw_sweep.mph
% Version:            COMSOL 6.0.0.405
% Date:               Apr 4 2024, 13:40
% Table:              Table 1 - Global Evaluation 1
% r (nm)                 h_meta (nm)              freq (THz)               reflection (1)           transmission (1)         reflection_phi (rad)     transmission_phi (rad)
19.999999999999996       800                      304.66713211382114       0.2968433719907287       0.7031566279218228       1.3615827362870525       -2.663125031368279
19.999999999999996       810                      304.66713211382114       0.29828935154331604      0.7017106484565545       0.4735064876400733       -3.105853031498479
19.999999999999996       820                      304.66713211382114       0.30027210123616416      0.6997278987639611       -0.4121306824597853      2.7351639968539616
19.999999999999996       830                      304.66713211382114       0.3023871043187612       0.6976128956810637       -1.294969774871205       2.2936552734314293
19.999999999999996       839.9999999999999        304.66713211382114       0.3042644128432875       0.695735587156921        -2.1750547184645592      1.8527660948856746
19.999999999999996       849.9999999999999        304.66713211382114       0.3055127343388942       0.694487265660697        -3.052988845033444       1.41237645862152
19.999999999999996       859.9999999999999        304.66713211382114       0.30592154250762643      0.6940784574925304       2.35336432077578         0.9722471350204189
19.999999999999996       869.9999999999999        304.66713211382114       0.3054346003549857       0.6945653996450541       1.4764538916839118       0.5320984113351136
19.999999999999996       879.9999999999999        304.66713211382114       0.3041078900922992       0.6958921099077786       0.5982797403854562       0.09166857160062357
19.999999999999996       890                      304.66713211382114       0.30222137265374416      0.6977786273460966       -0.28197442831443786     -0.3492377663286464
19.999999999999996       900                      304.66713211382114       0.3001098923077323       0.6998901076923172       -1.1650455445986425      -0.7908428886063645
22                       800                      304.66713211382114       0.2948748067393026       0.7051251932604626       1.4418627953979108       -2.6229258833713276
22                       810                      304.66713211382114       0.29647248436910295      0.703527515630991        0.5536055659313368       -3.0654149744716164
22                       820                      304.66713211382114       0.29871013268996255      0.701289867310055        -0.33192267781934226     2.7758935247016434
22                       830                      304.66713211382114       0.30119925095496175      0.6988007490450889       -1.2142239928960576      2.334768226816166
22                       839.9999999999999        304.66713211382114       0.30348681344283474      0.6965131865572255       -2.093175485841401       1.894414544887539
22                       849.9999999999999        304.66713211382114       0.3051053163484509       0.694894683651662        -2.9695222965509913      1.4546562208971205
22                       859.9999999999999        304.66713211382114       0.3057519815071664       0.6942480184927122       2.4387657852530307       1.0152459564372611
22                       869.9999999999999        304.66713211382114       0.3053461077659603       0.6946538922348319       1.5641628677677255       0.5759071365152738
22                       879.9999999999999        304.66713211382114       0.30395629884674197      0.6960437011532777       0.688309286032555        0.1362718527193197
22                       890                      304.66713211382114       0.30182713889608         0.6981728611038506       -0.19005373116410412     -0.30391632878594027
22                       900                      304.66713211382114       0.2993471431210288       0.7006528568788762       -1.071443430553855       -0.7448684150282723
24                       800                      304.66713211382114       0.29275114562678717      0.7072488543731693       1.5272404075372643       -2.58033610035497
24                       810                      304.66713211382114       0.2944186391531195       0.7055813608468081       0.63873840726592         -3.022566554985241
24                       820                      304.66713211382114       0.29692450960164135      0.7030754903982599       -0.24690399882659342     2.818980957744801
24                       830                      304.66713211382114       0.2998141267283535       0.7001858732716578       -1.1287348402534232      2.3782419496146763
24                       839.9999999999999        304.66713211382114       0.3025265294552521       0.6974734705447102       -2.006785669345738       1.938381624115128
24                       849.9999999999999        304.66713211382114       0.3045613982531584       0.6954386017469095       -2.881557613398352       1.4992774619948805
24                       859.9999999999999        304.66713211382114       0.30552553412193434      0.6944744658781442       2.528862962980929        1.0606585192955564
24                       869.9999999999999        304.66713211382114       0.3052737282143685       0.6947262717838313       1.6565488708268574       0.6221416639528153
24                       879.9999999999999        304.66713211382114       0.30384449228893745      0.6961555077109148       0.7830514232143357       0.18332756172657516
24                       890                      304.66713211382114       0.3015152505572556       0.6984847494426287       -0.09294903992412586     -0.2560483510854783
24                       900                      304.66713211382114       0.29869372806190864      0.7013062719379124       -0.9723843756879752      -0.6962704660641162
25.999999999999996       800                      304.66713211382114       0.2904671382477887       0.7095328617520966       1.6176047528926383       -2.535394219175143
25.999999999999996       810                      304.66713211382114       0.29217296928630226      0.7078270307136773       0.7286344654702673       -2.9774381982524467
25.999999999999996       820                      304.66713211382114       0.29491897158372515      0.7050810284162633       -0.15714635613938263     2.864401245817508
25.999999999999996       830                      304.66713211382114       0.2981995570327094       0.7018004429675876       -1.038752676212497       2.424033400760759
25.999999999999996       839.9999999999999        304.66713211382114       0.3013771360758617       0.6986228639241343       -1.9159017121469775      1.9846634760686386
25.999999999999996       849.9999999999999        304.66713211382114       0.3038667337523984       0.6961332662462043       -2.7892448803237877      1.5461832024861148
25.999999999999996       859.9999999999999        304.66713211382114       0.3052026082166529       0.6947973917833711       2.623128598863155        1.1082905892066528
25.999999999999996       869.9999999999999        304.66713211382114       0.305197281802581        0.6948027181973931       1.753197454951925        0.6706041161073716
25.999999999999996       879.9999999999999        304.66713211382114       0.30380293033743977      0.6961970696625923       0.8823830655626299       0.23274083558731004
25.999999999999996       890                      304.66713211382114       0.3013092659248491       0.698690734075351        0.008936680019740857     -0.20573041456813615
25.999999999999996       900                      304.66713211382114       0.2981279036380139       0.7018720963620924       -0.868343453537231       -0.6451678331223829
28                       800                      304.66713211382114       0.28806891841295096      0.7119310815865876       1.7128390019340158       -2.4881658745631587
28                       810                      304.66713211382114       0.2897410370163702       0.7102589629837802       0.8234040418615972       -2.929985902346307
28                       820                      304.66713211382114       0.2926653247317266       0.7073346752680751       -0.06263622914647997     2.9121384454675345
28                       830                      304.66713211382114       0.2963070990591391       0.7036929009406971       -0.9442454890291729      2.472042398144121
28                       839.9999999999999        304.66713211382114       0.2999880685342991       0.7000119314655154       -1.8207303164446096      2.0331653640114538
28                       849.9999999999999        304.66713211382114       0.3029902742579397       0.6970097257418028       -2.692786533819859       1.5952717140614558
28                       859.9999999999999        304.66713211382114       0.30479128674115685      0.6952087132585123       2.721542759806675        1.1581511516459873
28                       869.9999999999999        304.66713211382114       0.3050798998931624       0.6949201001068679       1.8541321398818376       0.7213678033700827
28                       879.9999999999999        304.66713211382114       0.3038102935881845       0.6961897064118939       0.9860397199827711       0.28441972298434787
28                       890                      304.66713211382114       0.30121165613558654      0.6987883438641423       0.11529542546701314      -0.15313693174549883
28                       900                      304.66713211382114       0.297737409783791        0.7022625902162049       -0.7594042237640894      -0.5916334277762203
30                       800                      304.66713211382114       0.2855758223557394       0.7144241776443847       1.8130967195125836       -2.4386602608641423
30                       810                      304.66713211382114       0.2871127718630577       0.7128872281335092       0.9231588301124528       -2.8802394372898568
30                       820                      304.66713211382114       0.29019127745552903      0.7098087225443293       0.036479471171664        2.9620703426805797
30                       830                      304.66713211382114       0.2941578489542982       0.7058421510454888       -0.8451841182169336      2.5223318122374763
30                       839.9999999999999        304.66713211382114       0.29831743029254193      0.7016825697077427       -1.7212531242067346      2.0838400028192625
30                       849.9999999999999        304.66713211382114       0.3018894291896695       0.6981105708102239       -2.592185533047558       1.6465218731070579
30                       859.9999999999999        304.66713211382114       0.3042012597226628       0.6957987402771965       2.824039855098389        1.210160294891197
30                       869.9999999999999        304.66713211382114       0.3049108150066414       0.6950891849928296       1.9590428524893184       0.7742636062604104
30                       879.9999999999999        304.66713211382114       0.3038518263100503       0.6961481736899208       1.0938063193792331       0.33832191873429784
30                       890                      304.66713211382114       0.30122106105936325      0.6987789389405252       0.22613014948647542      -0.0982044845782762
30                       900                      304.66713211382114       0.29750129715141094      0.7024987028483705       -0.6457813976221654      -0.5357427838804191
31.999999999999996       800                      304.66713211382114       0.282993370463259        0.7170066295369476       1.9184032950717913       -2.3868663887820496
31.999999999999996       810                      304.66713211382114       0.28432355338887527      0.7156764466113565       1.0278483426670606       -2.8282165724242696
31.999999999999996       820                      304.66713211382114       0.28744690621960317      0.7125530937806168       0.140520690864746        3.014322142677242
31.999999999999996       830                      304.66713211382114       0.2917214377777013       0.7082785622223715       -0.7414876792528388      2.574848132630871
31.999999999999996       839.9999999999999        304.66713211382114       0.2963699888915622       0.7036300111081656       -1.617460790803707       2.1367192661547727
31.999999999999996       849.9999999999999        304.66713211382114       0.30053752132508454      0.6994624786747908       -2.487449741724603       1.6999502098264154
31.999999999999996       859.9999999999999        304.66713211382114       0.3034536394370638       0.6965463605629447       2.9304758397872925       1.2643054198088652
31.999999999999996       869.9999999999999        304.66713211382114       0.30464296699288995      0.6953570330074555       2.0678541012597456       0.8292772879516067
31.999999999999996       879.9999999999999        304.66713211382114       0.30389007323186573      0.6961099267732805       1.205507963259249        0.3943450494964078
31.999999999999996       890                      304.66713211382114       0.30135538970110043      0.6986446102990442       0.34105501724451526      -0.04108894576878214
31.999999999999996       900                      304.66713211382114       0.29743985055618816      0.7025601494438156       -0.5276449869406562      -0.47753899144465095
33.99999999999999        800                      304.66713211382114       0.28039569726651575      0.7196043027336957       2.0288019290162085       -2.332795789072202
33.99999999999999        810                      304.66713211382114       0.28137511471286575      0.7186248852871298       1.1377657659595597       -2.773830587542134
33.99999999999999        820                      304.66713211382114       0.28443356035602596      0.7155664396439023       0.2495559497999583       3.068860114612987
33.99999999999999        830                      304.66713211382114       0.2889605025629128       0.7110394974369839       -0.633171694067604       2.6295921315107558
33.99999999999999        839.9999999999999        304.66713211382114       0.294089033742239        0.7059109662581257       -1.5091862971438925      2.1918236980761545
33.99999999999999        849.9999999999999        304.66713211382114       0.2988833125647331       0.7011166874351296       -2.378516463664715       1.7555704155252074
33.99999999999999        859.9999999999999        304.66713211382114       0.3024564021761655       0.6975435978238911       3.040871582675003        1.3206012665019304
33.99999999999999        869.9999999999999        304.66713211382114       0.3042536151007774       0.6957463848986105       2.180514362308779        0.8864490215308899
33.99999999999999        879.9999999999999        304.66713211382114       0.303920076349482        0.6960799236490861       1.3211726252806386       0.4525495662971828
33.99999999999999        890                      304.66713211382114       0.30156557034515163      0.6984344296539893       0.4600360689122992       0.018220186544504136
33.99999999999999        900                      304.66713211382114       0.2975621723867527       0.7024378276130041       -0.40525864651936616     -0.41709474294352233
36                       800                      304.66713211382114       0.2777784736546966       0.722221526345404        2.144558092584164        -2.276326391291416
36                       810                      304.66713211382114       0.2783131915948338       0.7216868084052035       1.2529166168463965       -2.717116592712038
36                       820                      304.66713211382114       0.281198314147068        0.7188016858529445       0.36383323813688656      3.1258049102846597
36                       830                      304.66713211382114       0.2858930863822195       0.7141069136181337       -0.5198163900273759      2.6867336045939783
36                       839.9999999999999        304.66713211382114       0.2914514326591797       0.7085485673408731       -1.3963168456603123      2.249219751191127
36                       849.9999999999999        304.66713211382114       0.2968865370721193       0.7031134629282639       -2.265342123641894       1.8133724087687537
36                       859.9999999999999        304.66713211382114       0.3011882348214548       0.6988117651785878       -3.1278997338517542      1.3790477432968797
36                       869.9999999999999        304.66713211382114       0.30367521994456814      0.6963247800557258       2.297163738000491        0.9457897583727066
36                       879.9999999999999        304.66713211382114       0.30387975527769195      0.6961202447224581       1.4406787068312485       0.5128864926798594
36                       890                      304.66713211382114       0.30183958241636744      0.6981604175838197       0.5830398048611791       0.07975374679902805
36                       900                      304.66713211382114       0.29783137804448756      0.7021686219555651       -0.2785593515605463      -0.35435534156177584
38                       800                      304.66713211382114       0.27520416745884163      0.7247958325414402       2.265708724030457        -2.2174606937849077
38                       810                      304.66713211382114       0.2751816820399384       0.7248183179589213       1.3737631336542064       -2.6578855801818255
38                       820                      304.66713211382114       0.27776293510223077      0.7222370648984268       0.48367951390016195      -3.0979299653178893
38                       830                      304.66713211382114       0.28248197233921346      0.7175180276603002       -0.40114213598424064     2.7463239880004564
38                       839.9999999999999        304.66713211382114       0.2884341937383312       0.7115658062615573       -1.2784681532729343      2.3090182578755676
38                       849.9999999999999        304.66713211382114       0.2945026063759491       0.7054973936242567       -2.1475321432388355      1.873553718336976
38                       859.9999999999999        304.66713211382114       0.299586716557047        0.7004132834428166       -3.009171362705422       1.4398036548147144
38                       869.9999999999999        304.66713211382114       0.3028410722179368       0.6971589277820229       2.417705695101282        1.0073070252467613
38                       879.9999999999999        304.66713211382114       0.30373686341998696      0.6962631365798972       1.564095408313657        0.5754691311940529
38                       890                      304.66713211382114       0.3021258161229509       0.6978741838774754       0.7099312467021404       0.14349519248455214
38                       900                      304.66713211382114       0.2983111114489076       0.7016888885513483       -0.14762417473499595     -0.2892962024436837
39.99999999999999        800                      304.66713211382114       0.27280044427581945      0.7271995557238633       2.3924864669639527       -2.1561519319386653
39.99999999999999        810                      304.66713211382114       0.2719960871217679       0.7280039128778969       1.5004270881245902       -2.5961479353250736
39.99999999999999        820                      304.66713211382114       0.27412782775831324      0.7258721722418333       0.6092315159526754       -3.035968041563341
39.99999999999999        830                      304.66713211382114       0.2787546907238907       0.7212453092752493       -0.27701096072641157     2.8084042568109804
39.99999999999999        839.9999999999999        304.66713211382114       0.2849945731435218       0.715005426856555        -1.1553967185471148      2.3712828623774165
39.99999999999999        849.9999999999999        304.66713211382114       0.29167804068291614      0.7083219593157226       -2.024984518417495       1.9361007742097742
39.99999999999999        859.9999999999999        304.66713211382114       0.29756629946567453      0.702433700534333        -2.8861724778596103      1.5028181245122354
39.99999999999999        869.9999999999999        304.66713211382114       0.30171842569811785      0.6982815743016065       2.54234779272175         1.0710901735783218
39.99999999999999        879.9999999999999        304.66713211382114       0.3033953384890397       0.696604661512742        1.6913165088754878       0.6402080150142897
39.99999999999999        890                      304.66713211382114       0.30243203341021746      0.6975679665896939       0.8407741250196719       0.20950718610922417
39.99999999999999        900                      304.66713211382114       0.29887721597571515      0.7011227840243469       -0.012779819752304227    -0.22199249339778
42                       800                      304.66713211382114       0.2705412977760451       0.7294587022238364       2.5251398915355123       -2.0922417634327988
42                       810                      304.66713211382114       0.2688747202564108       0.7311252797457783       1.6331492370069338       -2.5317725150834933
42                       820                      304.66713211382114       0.2703532001443049       0.7296467998556209       0.7410571506060325       -2.971305537587992
42                       830                      304.66713211382114       0.27472457172143516      0.7252754282789196       -0.1466548224882117      2.8732406120254987
42                       839.9999999999999        304.66713211382114       0.28111625053262573      0.7188837494673626       -1.0267628646603533      2.436166614531097
42                       849.9999999999999        304.66713211382114       0.288348808872979        0.7116511911272518       -1.8972763309645795      2.001188973742705
42                       859.9999999999999        304.66713211382114       0.2950768161070576       0.7049231838928609       -2.7584930225492195      1.5683182023938407
42                       869.9999999999999        304.66713211382114       0.300190691746982        0.6998093082529933       2.6712338257918837       1.1372370621153607
42                       879.9999999999999        304.66713211382114       0.3028102125929234       0.6971897874072025       1.8225288382838585       0.7072861237198756
42                       890                      304.66713211382114       0.30260520668851604      0.6973947933111855       0.9754311017495031       0.2777614748438195
42                       900                      304.66713211382114       0.2995457637068722       0.7004542362933471       0.12628381637542374      -0.15228660563848792
44                       800                      304.66713211382114       0.2685990448628465       0.7314009551371528       2.6637034558873176       -2.0257115373655745
44                       810                      304.66713211382114       0.2658416963626136       0.7341583036376724       1.7724019084400915       -2.464582192883344
44                       820                      304.66713211382114       0.2664883477776154       0.7335116522224653       0.879460371817605        -2.9038370355164727
44                       830                      304.66713211382114       0.27040693085786166      0.7295930691421283       -0.009948035172896314    2.9408360102345124
44                       839.9999999999999        304.66713211382114       0.27681777931217266      0.7231822206885221       -0.891943750697014       2.5038435559051364
44                       849.9999999999999        304.66713211382114       0.28450617856443844      0.71549382143347         -1.7639304714344899      2.068988810117397
44                       859.9999999999999        304.66713211382114       0.29205281226324065      0.7079471877371195       -2.6256442109889475      1.636416069705333
44                       869.9999999999999        304.66713211382114       0.2981636568353833       0.7018363431648086       2.8047053721378914       1.2058728006562378
44                       879.9999999999999        304.66713211382114       0.3018606392095885       0.6981393607913439       1.9580809793001936       0.7768105633629623
44                       890                      304.66713211382114       0.3026038540329868       0.6973961459669578       1.114089811494641        0.3484006648122963
44                       900                      304.66713211382114       0.30024513976332895      0.6997548602366197       0.26920525824200936      -0.08025302782870455
45.99999999999999        800                      304.66713211382114       0.2669937638800189       0.7330062361199587       2.808419510603727        -1.9564127493677383
45.99999999999999        810                      304.66713211382114       0.26305639421753807      0.7369436057825426       1.9183638356211659       -2.3945430018096117
45.99999999999999        820                      304.66713211382114       0.26264989722918275      0.737350102771286        1.0249875663527197       -2.833354815728489
45.99999999999999        830                      304.66713211382114       0.2658824890949982       0.7341175109050361       0.13378789143320988      3.011451951081483
45.99999999999999        839.9999999999999        304.66713211382114       0.2720861679479337       0.727913832051652        -0.7504294393582491      2.57449855634548
45.99999999999999        849.9999999999999        304.66713211382114       0.28011386057812904      0.7198861394216858       -1.6244222026068125      2.1396797107835757
45.99999999999999        859.9999999999999        304.66713211382114       0.2884017497960617       0.7115982502039022       -2.487306942857206       1.7072674832446955
45.99999999999999        869.9999999999999        304.66713211382114       0.29558858217997797      0.7044114178199097       2.9431589635340285       1.277178181511744
45.99999999999999        879.9999999999999        304.66713211382114       0.30044855180171776      0.6995514481983313       2.0980743895452503       0.8488733493545403
45.99999999999999        890                      304.66713211382114       0.3023299174017075       0.6976700825983991       1.2569806674482014       0.4215586575350658
45.99999999999999        900                      304.66713211382114       0.3008569038854977       0.6991430961146323       0.41620831056799507      -0.005700230340101399
48                       800                      304.66713211382114       0.26588404949847205      0.7341159505015916       2.95918668536803         -1.8843610191540616
48                       810                      304.66713211382114       0.2606054466693659       0.739394553332728        2.0711636213713067       -2.3215644800440773
48                       820                      304.66713211382114       0.2589398996064557       0.7410601003933044       1.1779310634666509       -2.7597875858360696
48                       830                      304.66713211382114       0.26122153284056854      0.7387784671595234       0.2851550233944576       3.0852575802114472
48                       839.9999999999999        304.66713211382114       0.2669986273549035       0.7330013726454306       -0.6016103374387568      2.6482932339572067
48                       849.9999999999999        304.66713211382114       0.2751291565196274       0.7248708434804055       -1.4781638555118999      2.2134300859611735
48                       859.9999999999999        304.66713211382114       0.2841118535942987       0.715888146405501        -2.342925994248608       1.7810826614438344
48                       869.9999999999999        304.66713211382114       0.2923420113057106       0.7076579886941526       3.08698060789963         1.3512937413572368
48                       879.9999999999999        304.66713211382114       0.2984952051253736       0.7015047948745488       2.24267870707395         0.9235591610346064
48                       890                      304.66713211382114       0.30162444577636577      0.6983755542233792       1.4041947615907096       0.4972898063740776
48                       900                      304.66713211382114       0.30129189986412613      0.6987081001348393       0.5673328378405429       0.07140357127078574
50                       800                      304.66713211382114       0.26534229339785015      0.7346577066022155       3.116400645294238        -1.809242320877201
50                       810                      304.66713211382114       0.2586305692296408       0.7413694307703735       2.2314928666264886       -2.2452703377206324
50                       820                      304.66713211382114       0.2554939815684078       0.7445060184332499       1.3391019692863422       -2.6827797303512506
50                       830                      304.66713211382114       0.25653177873250665      0.7434682212674357       0.44496402470272617      -3.120613602775311
50                       839.9999999999999        304.66713211382114       0.261561619439673        0.7384383805604235       -0.4443527190914646      2.7256691686018875
50                       849.9999999999999        304.66713211382114       0.2695808603661893       0.7304191396334946       -1.324025175543997       2.2906889395977417
50                       859.9999999999999        304.66713211382114       0.27906889995500306      0.7209311000450365       -2.1916427643620695      1.8581279623535505
50                       869.9999999999999        304.66713211382114       0.2883226051379509       0.7116773948619892       -3.046051534210506       1.428626584341759
50                       879.9999999999999        304.66713211382114       0.29579633163330704      0.7042036683666513       2.3931472038354653       1.0014164522565725
50                       890                      304.66713211382114       0.3003848083665491       0.6996151916316637       1.556382116404           0.5759740709820247
50                       900                      304.66713211382114       0.3013863215853917       0.6986136784145034       0.7231236927263952       0.15135430559829188
51.99999999999999        800                      304.66713211382114       0.26544522432048384      0.7345547756793626       -3.0038361859056275      -1.7313184563113362
51.99999999999999        810                      304.66713211382114       0.2572643338163541       0.742735666183418        2.3985797200686636       -2.165956848057275
51.99999999999999        820                      304.66713211382114       0.25245448166043544      0.7475455183395523       1.5080305612076152       -2.6025093378711195
51.99999999999999        830                      304.66713211382114       0.2519841087962847       0.7480158912036917       0.6134032613447558       -3.0398565970420703
51.99999999999999        839.9999999999999        304.66713211382114       0.2559339203924564       0.7440660796074934       -0.278596618327202       2.8065048448333805
51.99999999999999        849.9999999999999        304.66713211382114       0.2635297728723697       0.7364702271275465       -1.1617988928277498      2.3713865210681293
51.99999999999999        859.9999999999999        304.66713211382114       0.27328367606713777      0.7267163239328028       -2.0324192119794606      1.9388040454467448
51.99999999999999        869.9999999999999        304.66713211382114       0.283440441589656        0.7165595584103593       -2.889504682173643       1.5091072435928026
51.99999999999999        879.9999999999999        304.66713211382114       0.2922577263686701       0.7077422736315746       2.5489419003012403       1.0821768364005429
51.99999999999999        890                      304.66713211382114       0.2984284808834679       0.7015715191157177       1.7134166784475027       0.6574659088771766
51.99999999999999        900                      304.66713211382114       0.3009872263902008       0.6990127736097886       0.8831450481492459       0.2340012121739349
53.99999999999999        800                      304.66713211382114       0.2662761767940447       0.733723823205996        -2.835124491925489       -1.6504342428558159
53.99999999999999        810                      304.66713211382114       0.25666208908434274      0.7433379109158305       2.5726452036939635       -2.083433942402802
53.99999999999999        820                      304.66713211382114       0.25004024743536246      0.7499597525648766       1.6852154929841847       -2.5187693000116287
53.99999999999999        830                      304.66713211382114       0.24775787303734242      0.7522421269624237       0.79099726665135         -2.9553725515293254
53.99999999999999        839.9999999999999        304.66713211382114       0.2502601246990118       0.7497398753005117       -0.10329901275275846     2.8911773557179
53.99999999999999        849.9999999999999        304.66713211382114       0.2570373107935893       0.742962689206721        -0.9902362046717346      2.4559186365925654
53.99999999999999        859.9999999999999        304.66713211382114       0.2667652284704341       0.7332347715296519       -1.864949628330895       2.0230825763559497
53.99999999999999        869.9999999999999        304.66713211382114       0.27764603551754147      0.7223539644825856       -2.725257858596292       1.5932207405880934
53.99999999999999        879.9999999999999        304.66713211382114       0.28777004326004363      0.7122299567400506       2.7114021905047725       1.1663488958294888
53.99999999999999        890                      304.66713211382114       0.2955724154138561       0.704427584585838        1.8760441580246587       0.7421068054586117
53.99999999999999        900                      304.66713211382114       0.29988712524893063      0.7001128747510009       1.0479628711037616       0.3196352106343499
56                       800                      304.66713211382114       0.26788706297186743      0.7321129370282897       -2.6610287308303704      -1.5665494073248731
56                       810                      304.66713211382114       0.2569251550893748       0.7430748449104374       2.7535930890775284       -1.9975695076409443
56                       820                      304.66713211382114       0.24845393790770223      0.7515460620919293       1.8707474019654395       -2.4313674606175417
56                       830                      304.66713211382114       0.24408794113017285      0.7559120588696892       0.9780626966121029       -2.867050732290612
56                       839.9999999999999        304.66713211382114       0.24474051295332222      0.7552594870468292       0.0824356574416029       2.9799344110093826
56                       849.9999999999999        304.66713211382114       0.25028676603564737      0.7497132339644608       -0.8083339458195412      2.544598875735608
56                       859.9999999999999        304.66713211382114       0.2595673097258679       0.7404326902745039       -1.687787067886626       2.1114393604928314
56                       869.9999999999999        304.66713211382114       0.27088440979699513      0.729115590202731        -2.5524498586831847      1.6812035416397144
56                       879.9999999999999        304.66713211382114       0.28215489662878696      0.7178451033711423       2.8813362983600697       1.2542273158411146
56                       890                      304.66713211382114       0.2916470085278959       0.7083529914721434       2.045056764867553        0.8302776596462879
56                       900                      304.66713211382114       0.29789720344759246      0.7021027965520612       1.2181631230522498       0.40848556549622483
57.99999999999999        800                      304.66713211382114       0.2702759461594338       0.7297240538414961       -2.4817659080839145      -1.4795699584824653
57.99999999999999        810                      304.66713211382114       0.2581906681422635       0.7418093318575539       2.9409013996724953       -1.9083551682267574
57.99999999999999        820                      304.66713211382114       0.24786399492878342      0.7521360050712024       2.0643779495420316       -2.3403304312073714
57.99999999999999        830                      304.66713211382114       0.24124338227386272      0.7587566177262467       1.1750303811237923       -2.7746714525603844
57.99999999999999        839.9999999999999        304.66713211382114       0.23966568330771204      0.7603343166896005       0.2791061417408159       3.0729518209278988
57.99999999999999        849.9999999999999        304.66713211382114       0.2434769208292081       0.7565230791707452       -0.6150628612517716      2.6376986636166264
57.99999999999999        859.9999999999999        304.66713211382114       0.2518301023552576       0.7481698976447418       -1.499602463983619       2.204223825471451
57.99999999999999        869.9999999999999        304.66713211382114       0.2631550295245094       0.7368449704758125       -2.369550252875443       1.7735357341678484
57.99999999999999        879.9999999999999        304.66713211382114       0.27537779182645145      0.724622208173446        3.0599426423818445       1.3461905012801443
57.99999999999999        890                      304.66713211382114       0.2864829689327684       0.7135170310668459       2.2213432171182093       0.9221949872550034
57.99999999999999        900                      304.66713211382114       0.29474471244262146      0.7052552875573839       1.394561161316032        0.5009324063919776
60                       800                      304.66713211382114       0.27342944412163184      0.7265705558783917       -2.2979859015253155      -1.3895791033416154
60                       810                      304.66713211382114       0.26050157355188724      0.7394984264479727       3.134039818158529        -1.8157932686899054
60                       820                      304.66713211382114       0.24848397966188235      0.7515160203378815       2.265642909000338        -2.245525398309672
60                       830                      304.66713211382114       0.23952268756667072      0.760477312433303        1.3816523622154653       -2.678199556924741
60                       839.9999999999999        304.66713211382114       0.23537859179180287      0.7646214082084658       0.4871798580256068       -3.1127455689186974
60                       849.9999999999999        304.66713211382114       0.23688072862937637      0.7631192713703593       -0.40939295864770353     2.7355000539078422
60                       859.9999999999999        304.66713211382114       0.24373947058767975      0.7562605294108993       -1.2991624704503428      2.3017707948715693
60                       869.9999999999999        304.66713211382114       0.25458215939072387      0.7454178406088873       -2.175399959857846       1.8705404597489017
60                       879.9999999999999        304.66713211382114       0.2673778466157791       0.732622153384233        -3.034559609831168       1.4426518882388213
60                       890                      304.66713211382114       0.2798960028192154       0.7201039971815489       2.4062145513889743       1.0183410419147316
60                       900                      304.66713211382114       0.29021978678348875      0.7097802132165018       1.5779822093943          0.597249513638151
61.99999999999999        800                      304.66713211382114       0.2771826278131432       0.7228173721868977       -2.1102333646157914      -1.296579163909213
61.99999999999999        810                      304.66713211382114       0.2638480966902039       0.7361519033095124       -2.950883080540204       -1.7199322374672352
61.99999999999999        820                      304.66713211382114       0.250408486535445        0.7495915134646349       2.473768841765629        -2.1470177222639077
61.99999999999999        830                      304.66713211382114       0.23915355329074978      0.7608464467091125       1.5973637530772418       -2.5775749415717386
61.99999999999999        839.9999999999999        304.66713211382114       0.2321994852323063       0.7678005147678797       0.7067638636990972       -3.010691274633568
61.99999999999999        849.9999999999999        304.66713211382114       0.23096063741397713      0.7690393625861087       -0.1905504489035557      2.8382390583142696
61.99999999999999        859.9999999999999        304.66713211382114       0.23565018090216946      0.7643498190974647       -1.0850825414983496      2.404442707240242
61.99999999999999        869.9999999999999        304.66713211382114       0.2453332152254428       0.7546667847745046       -1.9680625845424595      1.9726709104553874
61.99999999999999        879.9999999999999        304.66713211382114       0.2581333807404254       0.7418666192597502       -2.8342802214684477      1.5440525401203757
61.99999999999999        890                      304.66713211382114       0.27180861827703806      0.7281913817229873       2.6010397131432343       1.119170082970793
61.99999999999999        900                      304.66713211382114       0.28407201694719847      0.715927983052957        1.7696888887902413       0.697877082864822
63.99999999999999        800                      304.66713211382114       0.2813573980752517       0.7186426019246529       -1.918816463020038       -1.200503929263915
63.99999999999999        810                      304.66713211382114       0.26817828867465404      0.731821711325249        -2.7482535269285515      -1.6207880359621876
63.99999999999999        820                      304.66713211382114       0.253745053040999        0.7462549469588239       2.687843338395394        -2.0448700656969767
63.99999999999999        830                      304.66713211382114       0.240434499833937        0.7595655001662405       1.8213742387752756       -2.4728107221247364
63.99999999999999        839.9999999999999        304.66713211382114       0.2305979682828687       0.7694020317171802       0.9373602844259352       -2.9039651448419592
63.99999999999999        849.9999999999999        304.66713211382114       0.22614264302551343      0.7738573569747134       0.04178066067603685      2.9460716088095578
63.99999999999999        859.9999999999999        304.66713211382114       0.22799799612900284      0.7720020038709761       -0.8559697788139456      2.5125490480917296
63.99999999999999        869.9999999999999        304.66713211382114       0.23575459116412914      0.7642454088358834       -1.7458399260219326      2.0803772601017325
63.99999999999999        879.9999999999999        304.66713211382114       0.2478918805256704       0.7521081194744947       -2.6200949612870805      1.6509453524538484
63.99999999999999        890                      304.66713211382114       0.26213545845530883      0.7378645415448276       2.8078677355504116       1.2252038904475875
63.99999999999999        900                      304.66713211382114       0.27608751702668666      0.7239124829731994       1.971408242155403        0.8033689853067265
66                       800                      304.66713211382114       0.28564196800241315      0.7143580319976658       -1.7240489480727674      -1.1012891253042276
66                       810                      304.66713211382114       0.27324780619371924      0.7267521938064232       -2.541803903612442       -1.5182701586160965
66                       820                      304.66713211382114       0.25845338071533713      0.7415466192846961       2.9068642359403714       -1.9390622139083245
66                       830                      304.66713211382114       0.24350081608312255      0.7564991839168697       2.052594342297043        -2.363919818469117
66                       839.9999999999999        304.66713211382114       0.23090826830344097      0.7690917316964292       1.1782525531133983       -2.7925621988519835
66                       849.9999999999999        304.66713211382114       0.22298562812973322      0.7770143718706478       0.287704795318871        3.0592011452996952
66                       859.9999999999999        304.66713211382114       0.22135742347832543      0.7786425765217739       -0.6109603526266693      2.626407033651089
66                       869.9999999999999        304.66713211382114       0.22632138801694748      0.7736786119831867       -1.506781380725753       2.1940841264508877
66                       879.9999999999999        304.66713211382114       0.23685759589844918      0.7631424041019363       -2.38981295415452        1.7639092966681589
66                       890                      304.66713211382114       0.2509954920920401       0.7490045079078885       3.029020842347122        1.3371490347327781
66                       900                      304.66713211382114       0.26616193997814114      0.7338380600219819       2.1851750468084212       0.9143681271783964
67.99999999999999        800                      304.66713211382114       0.28964776616392063      0.7103522338368097       -1.5262501259558763      -0.9989434754955178
67.99999999999999        810                      304.66713211382114       0.2787302123820949       0.7212697876178144       -2.3325448824890307      -1.4126485198836636
67.99999999999999        820                      304.66713211382114       0.26430651659073123      0.7356934834094195       3.129405116882977        -1.8298685861644686
67.99999999999999        830                      304.66713211382114       0.2483529284276964       0.7516470715719897       2.2892898974793296       -2.2511459788535726
67.99999999999999        839.9999999999999        304.66713211382114       0.23337863781895468      0.7666213621809362       1.4275422495773276       -2.676669680085148
67.99999999999999        849.9999999999999        304.66713211382114       0.22201410216931422      0.7779858978310362       0.5456808306129817       -3.105762311480454
67.99999999999999        859.9999999999999        304.66713211382114       0.21642047715834317      0.7835795228417558       -0.3502124344387769      2.746004932617578
67.99999999999999        869.9999999999999        304.66713211382114       0.21773947005576594      0.7822605299445352       -1.2497367127012742      2.3140345655415087
67.99999999999999        879.9999999999999        304.66713211382114       0.22569417640182574      0.7743058235979446       -2.1413851854665102      1.8832723334220451
67.99999999999999        890                      304.66713211382114       0.23873285408417852      0.7612671459157739       -3.016094741653871       1.4554390709701082
67.99999999999999        900                      304.66713211382114       0.2543423709497883       0.7456576290506549       2.413513475785954        1.031451823370074
70                       800                      304.66713211382114       0.2928811681349032       0.7071188318650408       -1.3252117674553099      -0.8932306774470922
70                       810                      304.66713211382114       0.284220239553488        0.7157797604464264       -2.120704834731077       -1.3037450946239229
70                       820                      304.66713211382114       0.2709739574034192       0.729026042598245        -2.9283647663555437      -1.717233758561354
70                       830                      304.66713211382114       0.25485787058664044      0.7451421294133812       2.5296715113259496       -2.134646315421592
70                       839.9999999999999        304.66713211382114       0.23819109160862897      0.7618089083912932       1.6832781358088647       -2.5564355499273477
70                       849.9999999999999        304.66713211382114       0.22364900470138574      0.7763509952987683       0.8142038708417292       -2.982428711520699
70                       859.9999999999999        304.66713211382114       0.21391064379993374      0.7860893562001416       -0.07436976353792778     2.8714674939973874
70                       869.9999999999999        304.66713211382114       0.21084398426737863      0.7891560157325114       -0.9738642391107774      2.440463797465306
70                       879.9999999999999        304.66713211382114       0.2151153965454853       0.7848846034544038       -1.8723519948914171      2.0096321627650853
70                       890                      304.66713211382114       0.22581028003958825      0.7741897199603786       -2.758075162422332       1.580838676997187
70                       900                      304.66713211382114       0.24087109796954925      0.7591289020305183       2.6597859680304015       1.155463423031919
72                       800                      304.66713211382114       0.2947644554222963       0.7052355445779132       -1.120601211056656       -0.7839714147297918
72                       810                      304.66713211382114       0.28904692052735476      0.7109530794728038       -1.9064316765979668      -1.191488739483065
72                       820                      304.66713211382114       0.27790007143069445      0.7220999285693745       -2.7011090379356313      -1.60125952890188
72                       830                      304.66713211382114       0.2626437748888488       0.7373562251110982       2.772462963171947        -2.014551828743575
72                       839.9999999999999        304.66713211382114       0.2452024549090148       0.7547975450910342       1.9432476598934652       -2.4321032848258026
72                       849.9999999999999        304.66713211382114       0.22820877051414243      0.7717912294864309       1.0904024706220965       -2.8543230533210995
72                       859.9999999999999        304.66713211382114       0.21447916032026743      0.7855208396801778       0.2143960107006497       3.002624753230452
72                       869.9999999999999        304.66713211382114       0.20658626883378964      0.793413731165962        -0.6798200846045791      2.5734548699300586
72                       879.9999999999999        304.66713211382114       0.20611423294563835      0.7938857670571016       -1.5813490180277765      2.1432188212209984
72                       890                      304.66713211382114       0.2131753717646184       0.7868246282355655       -2.4770733670147598      1.7138545411190718
72                       900                      304.66713211382114       0.22629553059510393      0.7737044694052027       2.927512982548526        1.287162709169749
73.99999999999999        800                      304.66713211382114       0.29462727068446193      0.7053727293157005       -0.9114094227907656      -0.6706551759581137
73.99999999999999        810                      304.66713211382114       0.29255620340096705      0.707443796600116        -1.6893421399597452      -1.0756246394975635
73.99999999999999        820                      304.66713211382114       0.2844214244598887       0.7155785755402713       -2.472324605078299       -1.4818892914260018
73.99999999999999        830                      304.66713211382114       0.2710775794670841       0.7289224205327616       3.016538095459267        -1.890957259238644
73.99999999999999        839.9999999999999        304.66713211382114       0.2540651464537276       0.7459348535461228       2.204981980800286        -2.304015769897123
73.99999999999999        849.9999999999999        304.66713211382114       0.23563225014945646      0.7643677498504319       1.3712599974174386       -2.721719298399422
73.99999999999999        859.9999999999999        304.66713211382114       0.21856797687438959      0.7814320231257663       0.5125511438395675       3.139145568381991
73.99999999999999        869.9999999999999        304.66713211382114       0.20587919659259243      0.7941208034074837       -0.3697833302171009      2.7128634774592797
73.99999999999999        879.9999999999999        304.66713211382114       0.1999488951223785       0.8000511048778112       -1.2684505920855154      2.284144032111681
73.99999999999999        890                      304.66713211382114       0.20200772126879063      0.7979922787312955       -2.1706155447605706      1.8549391778973077
73.99999999999999        900                      304.66713211382114       0.211576924971638        0.7884230750285222       -3.0622339926132156      1.4272551397604656
76                       800                      304.66713211382114       0.2917476380789988       0.7082523619200608       -0.6963215272455302      -0.5528199941436843
76                       810                      304.66713211382114       0.2939427035712459       0.706057296428776        -1.4684661133829446      -0.9557201798047081
76                       820                      304.66713211382114       0.28967039522745797      0.7103296047727695       -2.2415440740826247      -1.3588640724777172
76                       830                      304.66713211382114       0.2793336284567946       0.7206663715434231       -3.0220146765377427      -1.7639180981098719
76                       839.9999999999999        304.66713211382114       0.2639996687906862       0.7360003312091702       2.4673000452488405       -2.1722470074859532
76                       849.9999999999999        304.66713211382114       0.24547968010948265      0.7545203198904998       1.6538519313406417       -2.5849700849210167
76                       859.9999999999999        304.66713211382114       0.2262785028984448       0.773721497101559        0.8159074165645387       -3.0026432759530404
76                       869.9999999999999        304.66713211382114       0.2093952196215855       0.7906047803789581       -0.04836128800859448     2.8582512943695275
76                       879.9999999999999        304.66713211382114       0.19784945423643996      0.8021505457634606       -0.9361786758861186      2.43223789453457
76                       890                      304.66713211382114       0.19383129245207842      0.8061687075480746       -1.8381431641650958      2.0042748909006742
76                       900                      304.66713211382114       0.19817763742211242      0.8018223625779796       -2.7399210598437063      1.576272997293038
78                       800                      304.66713211382114       0.2853812258145983       0.714618774185381        -0.47311623691840027     -0.4295979566719233
78                       810                      304.66713211382114       0.2922937480483095       0.7077062519518409       -1.2424543652070632      -0.8312100139106386
78                       820                      304.66713211382114       0.29265017103060353      0.7073498289691958       -2.008115117972168       -1.2318562105062305
78                       830                      304.66713211382114       0.2863576135957058       0.7136423864043026       -2.7768474097463507      -1.633291947863455
78                       839.9999999999999        304.66713211382114       0.27407311071311613      0.7259268892868384       2.728554848228078        -2.0370735580046584
78                       849.9999999999999        304.66713211382114       0.25701680953411116      0.7429831904653277       1.935192138584889        -2.444605730912908
78                       859.9999999999999        304.66713211382114       0.23720273642134584      0.7627972635789244       1.120163964177211        -2.8568846684539992
78                       869.9999999999999        304.66713211382114       0.2174132875731456       0.7825867124268403       0.27894533594028814      3.0089815620691045
78                       879.9999999999999        304.66713211382114       0.20076446735594566      0.7992355326442565       -0.5899738116101771      2.5870069568993266
78                       890                      304.66713211382114       0.19025912116835766      0.8097408788315472       -1.4824050587497646      2.161568765589673
78                       900                      304.66713211382114       0.18796770980862065      0.812032290191236        -2.3869210400674192      1.734469813496178
79.99999999999999        800                      304.66713211382114       0.27483948015928933      0.7251605198408344       -0.23868703772441938     -0.29994564266387824
79.99999999999999        810                      304.66713211382114       0.28672604396820317      0.7132739560319571       -1.0087282087485778      -0.701133715761495
79.99999999999999        820                      304.66713211382114       0.29226519273963103      0.7077348072605307       -1.770436641648329       -1.1002062733945734
79.99999999999999        830                      304.66713211382114       0.2909463753619416       0.7090536246377885       -2.5302458853795744      -1.498722546561501
79.99999999999999        839.9999999999999        304.66713211382114       0.2829511709114827       0.7170488290884875       2.9888883500477954       -1.8983655043018217
79.99999999999999        849.9999999999999        304.66713211382114       0.2689515730156889       0.7310484269845032       2.214021688924482        -2.300818703664697
79.99999999999999        859.9999999999999        304.66713211382114       0.25040123606482007      0.7495987639354161       1.4217796236218996       -2.7073785759004734
79.99999999999999        869.9999999999999        304.66713211382114       0.22947881376505883      0.7705211862343099       0.6063450815244862       -3.1188352032074573
79.99999999999999        879.9999999999999        304.66713211382114       0.20915194862409633      0.7908480513759942       -0.23719860098981302     2.7476313063381563
79.99999999999999        890                      304.66713211382114       0.1926629179518292       0.8073370820475313       -1.1098750000911464      2.3262738678890855
79.99999999999999        900                      304.66713211382114       0.1830198221983846       0.8169801778016688       -2.0059769341919127      1.9016216027452648
82                       800                      304.66713211382114       0.259590806415139        0.7404091935849296       0.011256405977596208     -0.1625135185917679
82                       810                      304.66713211382114       0.27631731387239467      0.7236826861276475       -0.76401330826724        -0.5643768735580061
82                       820                      304.66713211382114       0.287375486337405        0.7126245136625373       -1.5256705290683263      -0.9628128682992821
82                       830                      304.66713211382114       0.2917773825513273       0.708222617448767        -2.280223576025987       -1.359399120965382
82                       839.9999999999999        304.66713211382114       0.2891603456095368       0.7108396543905674       -3.033797711347882       -1.7556895649920121
82                       849.9999999999999        304.66713211382114       0.27972926416373706      0.7202707358362199       2.4903837910863946       -2.153432396361416
82                       859.9999999999999        304.66713211382114       0.2643106824784652       0.735689317521448        1.7190299990044258       -2.5543525526158644
82                       869.9999999999999        304.66713211382114       0.24448242720604033      0.7555175727937731       0.9291116033437004       -2.9596113453295616
82                       879.9999999999999        304.66713211382114       0.22257767264392303      0.7774223273559429       0.11432985435336464      2.913146909063717
82                       890                      304.66713211382114       0.20164615127574748      0.7983538487241489       -0.730146004476623       2.497413840049926
82                       900                      304.66713211382114       0.18511278924508662      0.8148872107551853       -1.6050511925600508      2.0769735629990573
84                       800                      304.66713211382114       0.23947346516902804      0.7605265348309591       0.2829686746876056       -0.01574251978161637
84                       810                      304.66713211382114       0.26040048575080066      0.7395995142491358       -0.5033376472206342      -0.41939524007801554
84                       820                      304.66713211382114       0.2769139404427467       0.7230860595572958       -1.270098710093594       -0.8184938391465284
84                       830                      304.66713211382114       0.2874719773001323       0.7125280226997918       -2.023710923390512       -1.2142308612791424
84                       839.9999999999999        304.66713211382114       0.2910857166243055       0.708914283375598        -2.771072041778474       -1.608283720492574
84                       849.9999999999999        304.66713211382114       0.28750156546077343      0.712498434539252        2.764838726276309        -2.0023218794847963
84                       859.9999999999999        304.66713211382114       0.27699369453087824      0.7230063054689638       2.011198764920932        -2.3980623533345655
84                       869.9999999999999        304.66713211382114       0.26045127092583215      0.7395487290743215       1.244635892585414        -2.7971233174009096
84                       879.9999999999999        304.66713211382114       0.23954258247086493      0.7604574175290466       0.45833817254211406      3.082423854850025
84                       890                      304.66713211382114       0.21670343768379638      0.7832965623163067       -0.3539725636106409      2.6734972277947984
84                       900                      304.66713211382114       0.19504667424649685      0.8049533257538369       -1.1975564419722833      2.259040036060941
85.99999999999999        800                      304.66713211382114       0.21496492248591623      0.785035077513875        0.584802976366012        0.14216328502950193
85.99999999999999        810                      304.66713211382114       0.23867974575651033      0.7613202542435319       -0.21936974366192225     -0.2642235921526561
85.99999999999999        820                      304.66713211382114       0.2600191456816694       0.7399808543183783       -0.9973295529412359      -0.6651594141559319
85.99999999999999        830                      304.66713211382114       0.27667363410143564      0.7233263658968073       -1.7560376417954373      -1.0615582050606964
85.99999999999999        839.9999999999999        304.66713211382114       0.2870308999382889       0.71296910006168         -2.5022931419600942      -1.4547725269975906
85.99999999999999        849.9999999999999        304.66713211382114       0.290276086701783        0.7097239132981772       3.0406228716132473       -1.8463045684440798
85.99999999999999        859.9999999999999        304.66713211382114       0.286160408284802        0.7138395917148749       2.3001559643605085       -2.2379177233884855
85.99999999999999        869.9999999999999        304.66713211382114       0.2750011203547188       0.7249988796445364       1.5528382906092146       -2.6313784262551447
85.99999999999999        879.9999999999999        304.66713211382114       0.2577131682129826       0.7422868317870712       0.7921563352771825       -3.0283011870391956
85.99999999999999        890                      304.66713211382114       0.23595660962894324      0.7640433903709034       0.011387138250975457     2.8533159844208287
85.99999999999999        900                      304.66713211382114       0.21215608389150242      0.7878439161085962       -0.7963890501031761      2.4462407353341313
88                       800                      304.66713211382114       0.18774833367767804      0.8122516663223119       0.9284526235188847       0.31311653871823575
88                       810                      304.66713211382114       0.21175502270609056      0.7882449772932489       0.09796771006377983      -0.09669597579687864
88                       820                      304.66713211382114       0.23632878306086258      0.7636712169387693       -0.6995206194119127      -0.5007543973718189
88                       830                      304.66713211382114       0.258360564032581        0.7416394359675252       -1.4704648815906605      -0.8992963224922146
88                       839.9999999999999        304.66713211382114       0.2754303799849262       0.7245696200143885       -2.2220077449743942      -1.293224674704372
88                       849.9999999999999        304.66713211382114       0.2861060985531471       0.713893901446956        -2.9610321273013507      -1.6838571168764755
88                       859.9999999999999        304.66713211382114       0.28948391604470347      0.7105160839553334       2.5892344277925803       -2.0727989137422074
88                       869.9999999999999        304.66713211382114       0.28535475378821007      0.7146452462117234       1.8557608801957535       -2.461903269349226
88                       879.9999999999999        304.66713211382114       0.27401566350247153      0.725984336497641        1.1156936444508674       -2.8528503573563846
88                       890                      304.66713211382114       0.2563481184112995       0.743651881588138        0.36259489162296965      3.0360412990388936
88                       900                      304.66713211382114       0.23398430236996987      0.766015697630091        -0.41078884883948336     2.6369259409524104
90                       800                      304.66713211382114       0.16109629746827664      0.8389037025316195       1.3279351483218316       0.4985869529635447
90                       810                      304.66713211382114       0.18166111461151163      0.8183388853883926       0.4627716972521417       0.08534129644406165
90                       820                      304.66713211382114       0.20655227255849792      0.7934477274413617       -0.3640731861299638      -0.3225773460281694
90                       830                      304.66713211382114       0.23212784271320802      0.7678721572867808       -1.1565626600568193      -0.7245697422564302
90                       839.9999999999999        304.66713211382114       0.25508017874528177      0.7449198212541418       -1.9218991646051622      -1.1210118414299857
90                       849.9999999999999        304.66713211382114       0.27308581310398466      0.726914186896098        -2.6671377107549272      -1.5126364016039755
90                       859.9999999999999        304.66713211382114       0.28454401017337677      0.7154559898264489       2.883700548944622        -1.9008759331192726
90                       869.9999999999999        304.66713211382114       0.28863936199937534      0.7113606379986055       2.1578520547549362       -2.2872856974954288
90                       879.9999999999999        304.66713211382114       0.2851145029950212       0.7148854970052353       1.4321547788286144       -2.6736637716392995
90                       890                      304.66713211382114       0.2741873837015626       0.7258126162985213       0.7006620069282522       -3.0616218098371837
90                       900                      304.66713211382114       0.25665014786873136      0.7433498521315          -0.04352354269160581     2.8301775297180214
91.99999999999999        800                      304.66713211382114       0.14010290871227213      0.8598970912876118       1.7957652867072842       0.6991894478808051
91.99999999999999        810                      304.66713211382114       0.15252992845493332      0.84747007154501         0.8932662055612955       0.2836774965245761
91.99999999999999        820                      304.66713211382114       0.17335328820133752      0.8266467117987488       0.026608861936032797     -0.12805990873171133
91.99999999999999        830                      304.66713211382114       0.19901285092094753      0.8009871490789683       -0.799554106813178       -0.5344095806730763
91.99999999999999        839.9999999999999        304.66713211382114       0.22561349535150524      0.7743865046483893       -1.5895292109787176      -0.9348374173071008
91.99999999999999        849.9999999999999        304.66713211382114       0.24984090129951128      0.7501590987004801       -2.3506838920674316      -1.329447614396087
91.99999999999999        859.9999999999999        304.66713211382114       0.26921817831677014      0.7307818216833184       -3.0907064208089103      -1.7190446324820525
91.99999999999999        869.9999999999999        304.66713211382114       0.2821090640045769       0.717890935995383        2.466251317640954        -2.1050100609329534
91.99999999999999        879.9999999999999        304.66713211382114       0.28762059968726         0.7123794003082345       1.74745290075587         -2.4888731381648794
91.99999999999999        890                      304.66713211382114       0.28536890184630376      0.7146310981538764       1.0299340012408555       -2.872332928594032
91.99999999999999        900                      304.66713211382114       0.2755387765424916       0.7244612234575111       0.3075851040126456       3.025966733666797
94                       800                      304.66713211382114       0.1308303769999483       0.8691696230001711       2.3285722311313397       0.9140474812973046
94                       810                      304.66713211382114       0.13084427875584775      0.8691557212440305       1.4044008203031317       0.49870856066731156
94                       820                      304.66713211382114       0.14212272490706765      0.8578772750929415       0.4953443352181719       0.08468355969350426
94                       830                      304.66713211382114       0.16256800371874272      0.8374319962804009       -0.3768679256788142      -0.32583149072909384
94                       839.9999999999999        304.66713211382114       0.1886178389380438       0.8113821610619731       -1.2059680097785102      -0.7310575132935772
94                       849.9999999999999        304.66713211382114       0.21630812856194007      0.7836918714384372       -1.9960965555137087      -1.1302560565475375
94                       859.9999999999999        304.66713211382114       0.24210377351514503      0.7578962264848564       -2.755367790349267       -1.523523587799678
94                       869.9999999999999        304.66713211382114       0.2633921121912891       0.7366078878082353       2.7914984906604587       -1.9114663416337103
94                       879.9999999999999        304.66713211382114       0.27838087375016274      0.7216191262499787       2.0705841001219545       -2.2953595680190566
94                       890                      304.66713211382114       0.2860231632718882       0.7139768367280213       1.358539075577307        -2.67674254080585
94                       900                      304.66713211382114       0.28586771816725876      0.7141322818328892       0.649342011965137        -3.0572928139252844
96                       800                      304.66713211382114       0.13809394747855988      0.8619060525215233       2.891070318418579        1.1403616618308958
96                       810                      304.66713211382114       0.12393687706932507      0.8760631229306008       1.9871875205802194       0.728991868173696
96                       820                      304.66713211382114       0.1210301681517725       0.878969831848898        1.0595868529257002       0.3157296386309635
96                       830                      304.66713211382114       0.12996218026119194      0.8700378197387383       0.14058628247037558      -0.09691373711207066
96                       839.9999999999999        304.66713211382114       0.1490457929840399       0.850954207015933        -0.7423613103867359      -0.5064379543808423
96                       849.9999999999999        304.66713211382114       0.17487567142587615      0.8251243285740771       -1.5793550315008917      -0.910981893685891
96                       859.9999999999999        304.66713211382114       0.20344907907978768      0.7965509209199981       -2.3738593186744774      -1.3095880905180561
96                       869.9999999999999        304.66713211382114       0.2310504846504887       0.7689495153495126       -3.134039980453669       -1.7019783839947071
96                       879.9999999999999        304.66713211382114       0.25472123283352954      0.745278767166257        2.4143776066987086       -2.0887789347563195
96                       890                      304.66713211382114       0.27252559251365865      0.727474407486508        1.6972835738000984       -2.470996642110444
96                       900                      304.66713211382114       0.2831073293749069       0.7168926706251432       0.9912939646596545       -2.8501371390698806
97.99999999999999        800                      304.66713211382114       0.16257618883373767      0.8374238111662607       -2.8525069363559954      1.3737732377832554
97.99999999999999        810                      304.66713211382114       0.1368866703861893       0.8631133296138732       2.5883046237722476       0.9705225832652835
97.99999999999999        820                      304.66713211382114       0.118827777867164        0.8811722221326835       1.6967108533713493       0.5624981440551791
97.99999999999999        830                      304.66713211382114       0.11160989247904829      0.888390107521103        0.7692367750891215       0.15173331583486055
97.99999999999999        839.9999999999999        304.66713211382114       0.11659252199492762      0.8834074780051032       -0.16182016647335076     -0.2592791518017775
97.99999999999999        849.9999999999999        304.66713211382114       0.13284428274614593      0.8671557172536951       -1.0615871252135418      -0.667964439137521
97.99999999999999        859.9999999999999        304.66713211382114       0.15742738845954138      0.8425726115413383       -1.9132580414477438      -1.0722611714617112
97.99999999999999        869.9999999999999        304.66713211382114       0.18636570368591165      0.8136342963140383       -2.7177445714935087      -1.4708106669105434
97.99999999999999        879.9999999999999        304.66713211382114       0.21571869858695822      0.7842813014130695       2.799908939093708        -1.8630617185793075
97.99999999999999        890                      304.66713211382114       0.2421917480707547       0.7578082519290223       2.0636571087471176       -2.2493035662105374
97.99999999999999        900                      304.66713211382114       0.26338551383255565      0.7366144861673382       1.3483257721960336       -2.6304575462086843
100                      800                      304.66713211382114       0.1990725425617979       0.8009274574379279       -2.366928766584775       1.6098859841579465
100                      810                      304.66713211382114       0.1684673215774486       0.8315326784225561       -3.1388167374679434      1.2179135019364582
100                      820                      304.66713211382114       0.13974816649285499      0.860251833507203        2.3280307885550355       0.8195734136291447
100                      830                      304.66713211382114       0.11705364079883836      0.8829463592010518       1.4594575384657593       0.41589643786752273
100                      839.9999999999999        304.66713211382114       0.10411472304610118      0.8958852769539717       0.5416255030085344       0.008420646005668995
100                      849.9999999999999        304.66713211382114       0.103295520088699        0.8967044799111994       -0.39934922954639646     -0.40048236430793577
100                      859.9999999999999        304.66713211382114       0.11476341973224798      0.885236580267957        -1.3221979034550888      -0.8082761488970445
100                      869.9999999999999        304.66713211382114       0.13639986399829576      0.8636001360016526       -2.1978249624333546      -1.2125711070388672
100                      879.9999999999999        304.66713211382114       0.1645518117068941       0.8354481882928474       -3.020288569559075       -1.6116074471394095
100                      890                      304.66713211382114       0.19513850738344238      0.804861492616606        2.485620572533529        -2.0044636079296327
100                      900                      304.66713211382114       0.22440952026045372      0.7755904797395692       1.7433004352600492       -2.391049376603088
101.99999999999999       800                      304.66713211382114       0.23802850119472357      0.7619714988052478       -1.9368472843092546      1.8455951595848006
101.99999999999999       810                      304.66713211382114       0.21043427370753134      0.789565726292443        -2.652066702436026       1.4659648130415597
101.99999999999999       820                      304.66713211382114       0.17948841501663215      0.820511584983255        2.8875865242235026       1.0803286781878063
101.99999999999999       830                      304.66713211382114       0.14828329979816193      0.8517167002019845       2.1048848686588255       0.6882331283834517
101.99999999999999       839.9999999999999        304.66713211382114       0.12073391393989263      0.8792660860602218       1.2716414625371704       0.2901478570499121
101.99999999999999       849.9999999999999        304.66713211382114       0.1009967773327923       0.8990032226671779       0.38031248878429924      -0.11275572504814654
101.99999999999999       859.9999999999999        304.66713211382114       0.0924602026788285       0.9075397973210766       -0.5579691860108705      -0.5185884704802164
101.99999999999999       869.9999999999999        304.66713211382114       0.09664462911197118      0.9033553708881384       -1.50480641557923        -0.9248662383028005
101.99999999999999       879.9999999999999        304.66713211382114       0.11277884356796965      0.8872211564319119       -2.415372783226543       -1.3291077729242424
101.99999999999999       890                      304.66713211382114       0.13804460165264115      0.8619553983473243       3.014573806302598        -1.7290349341872706
101.99999999999999       900                      304.66713211382114       0.16841793128090607      0.8315820687190658       2.215809464239529        -2.1232315126763446
103.99999999999999       800                      304.66713211382114       0.26858891479999353      0.7314110852004487       -1.5483327835279317      2.081089496051886
103.99999999999999       810                      304.66713211382114       0.25042697883117004      0.749573021168762        -2.224752846454289       1.7124987898994009
103.99999999999999       820                      304.66713211382114       0.22569769642156182      0.7743023035782954       -2.9161121874422635      1.3396082822901685
103.99999999999999       830                      304.66713211382114       0.19592609897065486      0.8040739010293231       2.6540078381211485       0.9613476615731075
103.99999999999999       839.9999999999999        304.66713211382114       0.16360506809389846      0.8363949319062393       1.9095071183367638       0.5768164448522891
103.99999999999999       849.9999999999999        304.66713211382114       0.13212271205250925      0.8678772879473932       1.1216188984482898       0.1858807906408159
103.99999999999999       859.9999999999999        304.66713211382114       0.10547453374629806      0.8945254662536177       0.277080906217465        -0.21080087950860887
103.99999999999999       869.9999999999999        304.66713211382114       0.08777873252525223      0.9122212674747905       -0.6314586491320483      -0.6119292990560157
103.99999999999999       879.9999999999999        304.66713211382114       0.08208583590003123      0.9179141641000623       -1.5861890156936909      -1.0154791445498874
103.99999999999999       890                      304.66713211382114       0.08935253937551274      0.9106474606246725       -2.5376719915407993      -1.4188191056469863
103.99999999999999       900                      304.66713211382114       0.10829156526729655      0.8917084347325976       2.84446361798438         -1.8195290820557302
106                      800                      304.66713211382114       0.2809634959949748       0.7190365040050707       -1.183462024539008       2.3202318630825505
106                      810                      304.66713211382114       0.27616234262153183      0.7238376573783876       -1.8371212666243364      1.9592415548754578
106                      820                      304.66713211382114       0.2635086218766392       0.7364913781234542       -2.4956462125931624      1.5965840514200542
106                      830                      304.66713211382114       0.24353104530351286      0.756468954696504        3.1196062189778817       1.2308996111319832
106                      839.9999999999999        304.66713211382114       0.2171345615785759       0.7828654384215091       2.4359113142534925       0.8605394491559459
106                      849.9999999999999        304.66713211382114       0.18604590888727157      0.8139540911122072       1.7296770729248658       0.48468016373794426
106                      859.9999999999999        304.66713211382114       0.1527503634324056       0.8472496365676515       0.9914234427464135       0.1027051637926753
106                      869.9999999999999        304.66713211382114       0.12074324120800198      0.8792567587920282       0.2068631955996587       -0.2858557929985285
106                      879.9999999999999        304.66713211382114       0.09402861727908565      0.9059713827209942       -0.6391367011774766      -0.6799921400604438
106                      890                      304.66713211382114       0.07670636361308891      0.9232936363867761       -1.55687962060624        -1.078448232180884
106                      900                      304.66713211382114       0.07161313935763156      0.9283868606423102       -2.525983980845932       -1.479080010307888
107.99999999999999       800                      304.66713211382114       0.26689574523193627      0.7331042547678616       -0.821042561326743       2.571010533643542
107.99999999999999       810                      304.66713211382114       0.27726039553366433      0.7227396044664702       -1.4664136220265487      2.2128720525989634
107.99999999999999       820                      304.66713211382114       0.2797934407676687       0.7202065592324366       -2.108338063587267       1.8559808532935227
107.99999999999999       830                      304.66713211382114       0.2744042647418706       0.725595735259873        -2.7511444302085146      1.4987622400320753
107.99999999999999       839.9999999999999        304.66713211382114       0.26123516332469066      0.73876483667533         2.8842670619767445       1.1397432438349047
107.99999999999999       849.9999999999999        304.66713211382114       0.24078796214443807      0.7592120378556606       2.2276375712750163       0.7777265422869962
107.99999999999999       859.9999999999999        304.66713211382114       0.2139762285045209       0.7860237714940637       1.5562430904891835       0.41120707172217924
107.99999999999999       869.9999999999999        304.66713211382114       0.18235803647100834      0.8176419635290387       0.8633299653398799       0.03916241116325837
107.99999999999999       879.9999999999999        304.66713211382114       0.14832434055768134      0.8516756594424508       0.13940947273936702      -0.3390432257003886
107.99999999999999       890                      304.66713211382114       0.11523331893730027      0.8847666810626975       -0.6292733716993064      -0.7235981962189949
107.99999999999999       900                      304.66713211382114       0.087067047763947        0.9129329522359727       -1.4613092149118478      -1.1139083607712488
109.99999999999999       800                      304.66713211382114       0.22018995672460331      0.7798100432752622       -0.4323963103541002      2.8459444701591465
109.99999999999999       810                      304.66713211382114       0.24544517230608612      0.7545548276986728       -1.0857903089214325      2.4849204444926567
109.99999999999999       820                      304.66713211382114       0.26406253721439654      0.7359374627856838       -1.72722061726771        2.127887467486502
109.99999999999999       830                      304.66713211382114       0.27524926417789913      0.7247507358221629       -2.361593933165248       1.7734452908647687
109.99999999999999       839.9999999999999        304.66713211382114       0.27878386188819054      0.7212161381120294       -2.9922110364899033      1.420476094011856
109.99999999999999       849.9999999999999        304.66713211382114       0.27448285247928195      0.7255171475206694       2.6601809855307406       1.0674151351844428
109.99999999999999       859.9999999999999        304.66713211382114       0.2625113170849157       0.73748868291507         2.025352820373463        0.7127925537344646
109.99999999999999       869.9999999999999        304.66713211382114       0.2432197798094297       0.7567802201901334       1.3829812617764037       0.35543450124186166
109.99999999999999       879.9999999999999        304.66713211382114       0.21737283197812163      0.7826271680217827       0.7280289231679841       -0.006099779015672394
109.99999999999999       890                      304.66713211382114       0.18624152467945404      0.8137584753204579       0.054438223948281794     -0.37285420720746926
109.99999999999999       900                      304.66713211382114       0.15196256188181226      0.8480374381179114       -0.6454660625220466      -0.7454975563316683
112                      800                      304.66713211382114       0.1419127564831242       0.8580872435169866       0.03266567291588541      -3.121901618675511
112                      810                      304.66713211382114       0.17693603515905051      0.8230639648408937       -0.655227794242371       2.791905380555486
112                      820                      304.66713211382114       0.2090504281857077       0.7909495718141725       -1.3168743301388683      2.4285031703733146
112                      830                      304.66713211382114       0.23621429567129626      0.7637857043288709       -1.9609346048768903      2.0702187299438704
112                      839.9999999999999        304.66713211382114       0.25709803564734746      0.7429019643526356       -2.592565044056733       1.7162195569858885
112                      849.9999999999999        304.66713211382114       0.270915660120908        0.7290843398790061       3.0670600062365785       1.365309905045015
112                      859.9999999999999        304.66713211382114       0.2772168127446394       0.7227831872554243       2.4475048107996296       1.016068689478367
112                      869.9999999999999        304.66713211382114       0.27594633840098776      0.7240536615990744       1.8291187416780235       0.6673071453197646
112                      879.9999999999999        304.66713211382114       0.26706564731634946      0.7329343526835669       1.2087765513065667       0.31768868209947126
112                      890                      304.66713211382114       0.2508236657011029       0.7491763342989146       0.5824161677530558       -0.034249244143761064
112                      900                      304.66713211382114       0.22773403768257758      0.7722659623172922       -0.05267147828284297     -0.38952909173186523
113.99999999999999       800                      304.66713211382114       0.055670394481494495     0.944329605518503        0.7206719160439308       -2.7516906491279616
113.99999999999999       810                      304.66713211382114       0.08443446219552349      0.9155655378045272       -0.08407349478232452     -3.131021280713723
113.99999999999999       820                      304.66713211382114       0.11855692277332379      0.881443077226644        -0.8142246223791789      2.7781412328691864
113.99999999999999       830                      304.66713211382114       0.15432943558728268      0.8456705644127129       -1.4995850955350225      2.4101527470515283
113.99999999999999       839.9999999999999        304.66713211382114       0.1885431727378907       0.8114568272620845       -2.156199386868193       2.0480951759149977
113.99999999999999       849.9999999999999        304.66713211382114       0.21875116687954999      0.7812488331203777       -2.7934383351521093      1.6914472220993804
113.99999999999999       859.9999999999999        304.66713211382114       0.24340788046152956      0.7565921195384893       2.8660451251489234       1.339528096195737
113.99999999999999       869.9999999999999        304.66713211382114       0.2615565719862789       0.7384434280137286       2.2513148985739555       0.9911411272517969
113.99999999999999       879.9999999999999        304.66713211382114       0.2726511830663298       0.7273488169336241       1.6423915177720783       0.6452937666123048
113.99999999999999       890                      304.66713211382114       0.2764247277654575       0.7235752722404224       1.03634129509758         0.30072954437050603
113.99999999999999       900                      304.66713211382114       0.2727829862275848       0.7272170137731266       0.4300009321031166       -0.04394878478529707
115.99999999999999       800                      304.66713211382114       0.020570802698177404     0.9794291973018877       2.305148235695517        -2.3282296559275992
115.99999999999999       810                      304.66713211382114       0.019584376718724338     0.9804156232812461       1.1033757435097755       -2.7098402032477455
115.99999999999999       820                      304.66713211382114       0.03129665220792469      0.9687033477919755       0.029757587956838406     -3.0904344935367662
115.99999999999999       830                      304.66713211382114       0.05402522093956346      0.9459747790603932       -0.8418368305689813      2.814883963966254
115.99999999999999       839.9999999999999        304.66713211382114       0.08469807262020941      0.9153019273793978       -1.596753522926631       2.4414907906653975
115.99999999999999       849.9999999999999        304.66713211382114       0.119649041295886        0.880350958704162        -2.2899766605138567      2.0734133309450162
115.99999999999999       859.9999999999999        304.66713211382114       0.15539110771086131      0.8446088922890593       -2.947405412799509       1.7111217800411989
115.99999999999999       869.9999999999999        304.66713211382114       0.18908622237178807      0.8109137776280759       2.7012748718413593       1.3545031848771163
115.99999999999999       879.9999999999999        304.66713211382114       0.21869874447110232      0.781301255529062        2.0826508066610745       1.0031099471248546
115.99999999999999       890                      304.66713211382114       0.242764260050124        0.7572357399500479       1.4748023755228248       0.6560493774709741
115.99999999999999       900                      304.66713211382114       0.26044841011074576      0.7395515898894071       0.8745882444033815       0.31234571311237364
118                      800                      304.66713211382114       0.08038701377176669      0.9196129862282562       -2.623088278863233       -1.882746813961903
118                      810                      304.66713211382114       0.04940418918912467      0.9505958108108079       2.950187891959574        -2.250655998996745
118                      820                      304.66713211382114       0.02566052233150236      0.9743394776685094       2.1365444311958908       -2.622784767173269
118                      830                      304.66713211382114       0.012166194864004245     0.9878338051358269       1.0752570765118348       -2.997985840054663
118                      839.9999999999999        304.66713211382114       0.010763298717301818     0.9892367012825614       -0.2930837145316384      2.908830449753722
118                      849.9999999999999        304.66713211382114       0.02165119859957318      0.9783488014004176       -1.4368541997882442      2.533239799084694
118                      859.9999999999999        304.66713211382114       0.04328845703636985      0.9567115429637816       -2.289391977845785       2.1602115881050836
118                      869.9999999999999        304.66713211382114       0.0729687787282609       0.9270312212717413       -3.0161496324516435      1.7912352647964562
118                      879.9999999999999        304.66713211382114       0.1072020167197055       0.8927979832802694       2.5980063858675457       1.4273021204383975
118                      890                      304.66713211382114       0.14278704285891544      0.8572129571411852       1.9602032576718424       1.068758794834031
118                      900                      304.66713211382114       0.17690892233953745      0.8230910776605559       1.3423183187999006       0.7157291752757329
120                      800                      304.66713211382114       0.1884114279074019       0.8115885720926561       -1.9799213763634262      -1.4530225860501658
120                      810                      304.66713211382114       0.1564182706274622       0.8435817293726124       -2.568967911223583       -1.7983691040633165
120                      820                      304.66713211382114       0.12199972337235937      0.8780002766276207       3.1134632679188265       -2.1487763343010386
120                      830                      304.66713211382114       0.08729795551926521      0.9127020444807054       2.497030093688032        -2.5042702072363983
120                      839.9999999999999        304.66713211382114       0.05512583915366327      0.9448741608463502       1.8540628666021228       -2.864869081411813
120                      849.9999999999999        304.66713211382114       0.028603706259295807     0.9713962937407127       1.1585526331188616       3.053375185607802
120                      859.9999999999999        304.66713211382114       0.010613011996965207     0.9893869880030233       0.3128100726819428       2.6850645292490225
120                      869.9999999999999        304.66713211382114       0.0034208437449491608    0.9965791562550813       -1.1105298230237282      2.3148458079408356
120                      879.9999999999999        304.66713211382114       0.0079458046307576       0.9920541953691072       -2.7285497541055124      1.9444625426399471
120                      890                      304.66713211382114       0.023620378564769014     0.9763796214352664       2.6354478670880854       1.5756164426369799
120                      900                      304.66713211382114       0.04841838162926283      0.951581618370705        1.9191438897796431       1.2097568386111477
