% Model:              nanoholes_rw_sweep.mph
% Version:            COMSOL 6.0.0.405
% Date:               Apr 2 2024, 20:03
% Table:              Table 1 - Global Evaluation 1
% r (nm)                 h_meta (nm)              freq (THz)               reflection (1)           transmission (1)         reflection_phi (rad)     transmission_phi (rad)
19.999999999999996       500                      304.66713211382114       0.2962206455076184       0.7037793544918522       2.7338205787140413       -1.979321640575568
19.999999999999996       509.99999999999994       304.66713211382114       0.296519606691973        0.7034803933082611       1.844094358676117        -2.4224328726895012
19.999999999999996       519.9999999999999        304.66713211382114       0.2976897816481763       0.7023102183517161       0.9553760742238263       -2.8653049328909788
19.999999999999996       530                      304.66713211382114       0.2995083677243872       0.7004916322756563       0.06877190539019626      2.9754868902170704
19.999999999999996       540                      304.66713211382114       0.3016218808541874       0.6983781191457981       -0.8150892767967215      2.5337299695019304
19.999999999999996       550                      304.66713211382114       0.3036500845188422       0.6963499154810058       -1.696115566043888       2.092606273881868
19.999999999999996       560                      304.66713211382114       0.3051500647600066       0.694849935239947        -2.574757393286379       1.6520701693867093
19.999999999999996       570                      304.66713211382114       0.305882043378081        0.694117956621835        2.831356772808849        1.2118883370091331
19.999999999999996       580                      304.66713211382114       0.30571278505639804      0.6942872149380451       1.9545855246160306       0.7717916152079397
19.999999999999996       590                      304.66713211382114       0.30467099136255194      0.6953290086374637       1.0770438836883367       0.3314908395135853
19.999999999999996       600                      304.66713211382114       0.3029472992359131       0.6970527007643107       0.1976043204469342       -0.10925581040980449
22                       500                      304.66713211382114       0.2943189894010547       0.7056810105990114       2.785056723267502        -1.953997295640387
22                       509.99999999999994       304.66713211382114       0.2946040508281821       0.7053959491717969       1.8951252543997719       -2.396876196164446
22                       519.9999999999999        304.66713211382114       0.2958883482622833       0.7041116517378032       1.0062971980532036       -2.8394948536446156
22                       530                      304.66713211382114       0.29797782913066573      0.7020221708694028       0.11987453427773198      3.00160269147542
22                       540                      304.66713211382114       0.3004724602053624       0.6995275397948358       -0.763443140159692       2.560245124170357
22                       550                      304.66713211382114       0.30286106436904076      0.6971389356309514       -1.6433610894483532      2.119661186383496
22                       560                      304.66713211382114       0.30470767073555616      0.6952923292636835       -2.5204216450016648      1.6797379920146482
22                       570                      304.66713211382114       0.30568304127340196      0.6943169587264649       2.887671922801423        1.240296897866585
22                       580                      304.66713211382114       0.3055910158869881       0.6944089841129654       2.0130770136210625       0.8009598092239079
22                       590                      304.66713211382114       0.30445486854546516      0.6955451314544094       1.137761626068641        0.3614477239038681
22                       600                      304.66713211382114       0.30250167108769055      0.6974983289122167       0.2602568097809596       -0.07856844009410635
24                       500                      304.66713211382114       0.2923255566412342       0.7076744433588079       2.839555933391246        -1.9271391086897716
24                       509.99999999999994       304.66713211382114       0.292540540167782        0.7074594598321874       1.9493876832041008       -2.369770681520585
24                       519.9999999999999        304.66713211382114       0.29394679879936003      0.7060532012007237       1.0603432253358254       -2.812155873031095
24                       530                      304.66713211382114       0.2963112405578661       0.7036887594422296       0.1739713186111132       3.029250007593857
24                       540                      304.66713211382114       0.29915600341844406      0.7008439965816067       -0.7087559296547336      2.588298701735808
24                       550                      304.66713211382114       0.3019514601790671       0.6980485398209658       -1.5875773757052125      2.148256183738631
24                       560                      304.66713211382114       0.30418046772649115      0.695819532273507        -2.4630362774679324      1.7089985977406619
24                       570                      304.66713211382114       0.30542015035547143      0.6945798496446018       2.9469924528642806       1.2702616592793616
24                       580                      304.66713211382114       0.30544136105857655      0.6945586389413431       2.0747265267827846       0.8317546751554763
24                       590                      304.66713211382114       0.3042584877702077       0.6957415122295318       1.2017767706323672       0.39309861505260985
24                       600                      304.66713211382114       0.30209996021674407      0.6979000397833305       0.3264131387023716       -0.04615621944507177
25.999999999999996       500                      304.66713211382114       0.29023905172530184      0.7097609482747149       2.8971063772451062       -1.8988485732050562
25.999999999999996       509.99999999999994       304.66713211382114       0.29033580439685047      0.7096641956031411       2.006757541036566        -2.341202892545002
25.999999999999996       519.9999999999999        304.66713211382114       0.29185032528878635      0.7081496747111442       1.1174679139785137       -2.783323873438827
25.999999999999996       530                      304.66713211382114       0.2944550358640297       0.7055449641361067       0.23110443602162042      3.0583726959146116
25.999999999999996       540                      304.66713211382114       0.29768803868578525      0.7023119613140931       -0.6511877354441755      2.617837259282964
25.999999999999996       550                      304.66713211382114       0.3009178949004336       0.6990821051006377       -1.52901605056386        2.178297265321875
25.999999999999996       560                      304.66713211382114       0.30355451040307413      0.6964454895969052       -2.4028892189787645      1.7397068363556487
25.999999999999996       570                      304.66713211382114       0.3051029972727541       0.6948970027273371       3.0091990451670174       1.3017528394754427
25.999999999999996       580                      304.66713211382114       0.3052945236427032       0.6947054763574787       2.139320034958515        0.8641014849193482
25.999999999999996       590                      304.66713211382114       0.30411182155613253      0.6958881784439074       1.2687678149000294       0.4262676180220286
25.999999999999996       600                      304.66713211382114       0.3017362577685142       0.6982637422316571       0.39581653176333714      -0.012111634029516614
28                       500                      304.66713211382114       0.2880764995883613       0.7119235004116169       2.957720403597507        -1.8691774388228801
28                       509.99999999999994       304.66713211382114       0.2880099715001702       0.7119900284998764       2.0672386736687427       -2.311196856758024
28                       519.9999999999999        304.66713211382114       0.2895823094095065       0.7104176905905027       1.1776143185662806       -2.7530572073303046
28                       530                      304.66713211382114       0.2924189120097005       0.7075810879902148       0.29121225010803214      3.0889575895306596
28                       540                      304.66713211382114       0.2960294802842619       0.7039705197159042       -0.5906839146393228      2.6488228048324083
28                       550                      304.66713211382114       0.2997210916808486       0.7002789083190807       -1.4675875993813792      2.2098106729630755
28                       560                      304.66713211382114       0.3027925956698318       0.6972074043301837       -2.3399249078218864      1.7718859052649059
28                       570                      304.66713211382114       0.30471044213714943      0.6952895578629298       3.0743008715009013       1.3347389611500495
28                       580                      304.66713211382114       0.3051135974602962       0.6948864025397693       2.2067954017935185       0.8979402965590187
28                       590                      304.66713211382114       0.3039605776321779       0.6960394223679746       1.3388101309140512       0.4610193812404534
28                       600                      304.66713211382114       0.30144250496766595      0.6985574950325528       0.4684694031634753       0.02355401687415471
30                       500                      304.66713211382114       0.2858444545841422       0.7141555454158577       3.021735252796061        -1.837952175159125
30                       509.99999999999994       304.66713211382114       0.2855834746051814       0.7144165253950016       2.130855221175751        -2.2797497960337667
30                       519.9999999999999        304.66713211382114       0.287141159987547        0.7128588400123897       1.2408790926176083       -2.7213513911041414
30                       530                      304.66713211382114       0.2902039048077085       0.7097960951923636       0.3543339953821787       3.1210132664492334
30                       540                      304.66713211382114       0.2941991584053911       0.705800841594633        -0.5273647986608645      2.6812416471625014
30                       550                      304.66713211382114       0.2983593548391545       0.7016406451606587       -1.403410149032415       2.2427601799651926
30                       560                      304.66713211382114       0.3019172675044677       0.6980827324954885       -2.2742355660469245      1.8054840083314536
30                       570                      304.66713211382114       0.3042301099799979       0.6957698900198962       -3.141154581308946       1.3691443584270164
30                       580                      304.66713211382114       0.30491575557830813      0.6950842444216052       2.277037024708139        0.9332511083933764
30                       590                      304.66713211382114       0.303838076258603        0.6961619237416253       1.4117427569123124       0.4972585906872011
30                       600                      304.66713211382114       0.3012174972053011       0.6987825027945384       0.5440922089875673       0.06074656136920142
31.999999999999996       500                      304.66713211382114       0.28356282147830614      0.7164371785217438       3.0886347444661078       -1.8053881487220527
31.999999999999996       509.99999999999994       304.66713211382114       0.28304243256507594      0.7169575674349101       2.1976364952856846       -2.2468407567741866
31.999999999999996       519.9999999999999        304.66713211382114       0.28455027431507357      0.7154497256850192       1.3073105419002755       -2.6881404752154334
31.999999999999996       530                      304.66713211382114       0.28779455482751676      0.7122054451725288       0.4204225056769174       -3.1287071617124815
31.999999999999996       540                      304.66713211382114       0.2921546760059362       0.7078453239941185       -0.46112672212463135     2.7151038527189435
31.999999999999996       550                      304.66713211382114       0.2967945340825132       0.7032054659174768       -1.3364410025335987      2.277116183352843
31.999999999999996       560                      304.66713211382114       0.3008708852595906       0.6991291147405395       -2.205922838843316       1.8404931856440876
31.999999999999996       570                      304.66713211382114       0.3036628065646718       0.6963371934353053       -3.070802442893791       1.4049533460952721
31.999999999999996       580                      304.66713211382114       0.3046668671053707       0.6953331328945512       2.34992147368064         0.9699712234085293
31.999999999999996       590                      304.66713211382114       0.3037292577409971       0.6962707422589582       1.4874724008025393       0.5349930172137076
31.999999999999996       600                      304.66713211382114       0.30103925949876975      0.6989607405009693       0.6226555651120211       0.09944625090402952
33.99999999999999        500                      304.66713211382114       0.28123149793307234      0.7187685020669661       -3.124387979981102       -1.7713897733822124
33.99999999999999        509.99999999999994       304.66713211382114       0.28039437350142166      0.7196056264985058       2.267654330963392        -2.212486384670071
33.99999999999999        519.9999999999999        304.66713211382114       0.2817987242022368       0.7182012757977071       1.3769014354059228       -2.6534968394998737
33.99999999999999        530                      304.66713211382114       0.2851841036644694       0.7148158963360578       0.48965313385045406      -3.0937697252787544
33.99999999999999        540                      304.66713211382114       0.28990687979733476      0.7100931202027062       -0.39195821290780475     2.750397120797015
33.99999999999999        550                      304.66713211382114       0.29501290369023914      0.7049870963094915       -1.266788944137062       2.31287120855205
33.99999999999999        560                      304.66713211382114       0.29966075805198616      0.7003392419478943       -2.1349311122088706      1.87690781444579
33.99999999999999        570                      304.66713211382114       0.30296127968475967      0.697038720315324        -2.997860955799433       1.4421536748962545
33.99999999999999        580                      304.66713211382114       0.30435488379904135      0.6956451162010563       2.4253843960388592       1.008107606753091
33.99999999999999        590                      304.66713211382114       0.3036370975544193       0.6963629024456546       1.5658975830055628       0.574167506155289
33.99999999999999        600                      304.66713211382114       0.3009242406774494       0.6990757593225944       0.704234658492842        0.13970426888371884
36                       500                      304.66713211382114       0.27892402853941306      0.7210759714606623       -3.0509800518188976      -1.7359522329916728
36                       509.99999999999994       304.66713211382114       0.2776844728003702       0.7223155271996478       2.3411000080220954       -2.1766366458458966
36                       519.9999999999999        304.66713211382114       0.27889914894730794      0.7211008510527618       1.4498211836039618       -2.617320048460689
36                       530                      304.66713211382114       0.28237703609576903      0.7176229639043273       0.5619872784816405       -3.0573449741786485
36                       540                      304.66713211382114       0.28740233541769594      0.7125976645823597       -0.3198133514844665      2.7871523945176575
36                       550                      304.66713211382114       0.2930412717565306       0.7069587282434651       -1.1941048980474709      2.350147478315083
36                       560                      304.66713211382114       0.29823072397009004      0.7017692760298805       -2.061181578809855       1.9147802685633568
36                       570                      304.66713211382114       0.30209541545984236      0.6979045845403002       -2.922307227227984       1.4807693871870278
36                       580                      304.66713211382114       0.3039702432670382       0.6960297567331075       2.503472992526387        1.0476810357527095
36                       590                      304.66713211382114       0.30353719339545293      0.6964628066045427       1.6469763471158683       0.6147955773709428
36                       600                      304.66713211382114       0.3008981748666956       0.6991018251323045       0.7886491471280568       0.18148669955197166
38                       500                      304.66713211382114       0.2765991974241094       0.7234008025759117       -2.974094438381255       -1.6989684004538155
38                       509.99999999999994       304.66713211382114       0.27487475337248474      0.7251252466271736       2.417992861653118        -2.1392332891740593
38                       519.9999999999999        304.66713211382114       0.2758569943124147       0.7241430056876826       1.5262412883954002       -2.579635098856832
38                       530                      304.66713211382114       0.27933463956345866      0.7206653604367071       0.6378063150736856       -3.019316484661218
38                       540                      304.66713211382114       0.284647424431665        0.7153525755683025       -0.24436717259458346     2.825485228344779
38                       550                      304.66713211382114       0.2907796593759824       0.7092203406242418       -1.1185035869744637      2.3889085096010803
38                       560                      304.66713211382114       0.29658437829857376      0.7034156217013895       -1.984660770038724       1.9540851361156881
38                       570                      304.66713211382114       0.30107753556705596      0.698922464432858        -2.8439811431940583      1.520885418329298
38                       580                      304.66713211382114       0.30347832083156034      0.6965216791684985       2.584323066305844        1.088759581403976
38                       590                      304.66713211382114       0.3034343925896917       0.6965656074103312       1.7308569745550901       0.6569352793442662
38                       600                      304.66713211382114       0.30093550065650315      0.6990644993435426       0.8757793114967632       0.22475727201792045
39.99999999999999        500                      304.66713211382114       0.2743066962065444       0.7256933037935345       -2.8937364510993677      -1.6604765091912257
39.99999999999999        509.99999999999994       304.66713211382114       0.2720357997371156       0.72796420026292         2.4985033407600707       -2.1002660848691614
39.99999999999999        519.9999999999999        304.66713211382114       0.2726605146742043       0.7273394853256541       1.6062878418111175       -2.540300271384669
39.99999999999999        530                      304.66713211382114       0.2760878127859205       0.7239121872141193       0.7171984371021781       -2.9797106802508884
39.99999999999999        540                      304.66713211382114       0.2816222803954691       0.7183777196045502       -0.16563137778268092     2.8654023836938425
39.99999999999999        550                      304.66713211382114       0.28822145850889413      0.7117785414911163       -1.0398555452223888      2.429191185644189
39.99999999999999        560                      304.66713211382114       0.2946670392075901       0.7053329607924735       -1.905222741185181       1.9949480964973698
39.99999999999999        570                      304.66713211382114       0.29984604950459065      0.7001539504953701       -2.7629306967456952      1.562517480455236
39.99999999999999        580                      304.66713211382114       0.3028724282761646       0.697127571723877        2.667735459618806        1.131276860735662
39.99999999999999        590                      304.66713211382114       0.3032720660916253       0.6967279339083683       1.817395362432447        0.7005996207893173
39.99999999999999        600                      304.66713211382114       0.30099536728870935      0.6990046327112207       0.9658310735620205       0.26961001486771363
42                       500                      304.66713211382114       0.27208372698743505      0.727916273012672        -2.8097511571921054      -1.6203956884071562
42                       509.99999999999994       304.66713211382114       0.26916189976464433      0.7308381002352322       2.582912210278256        -2.059620566038867
42                       519.9999999999999        304.66713211382114       0.2693572708859847       0.7306427291140616       1.6902153961576145       -2.499293094898614
42                       530                      304.66713211382114       0.2726179024098814       0.7273820975900744       0.8002339997771039       -2.9384149288823416
42                       540                      304.66713211382114       0.27832528885711216      0.7216747111427746       -0.08327772690900935     2.906996078663835
42                       550                      304.66713211382114       0.28537543948638594      0.7146245605136565       -0.9578201070596966      2.4711361646198773
42                       560                      304.66713211382114       0.29244577759835544      0.7075542224015824       -1.8226604294985316      2.0374401779236724
42                       570                      304.66713211382114       0.29834278865886493      0.701657211341166        -2.679048728162331       1.6056701740614199
42                       580                      304.66713211382114       0.30208612519108774      0.6979138748090568       2.753889207095225        1.1753726956471273
42                       590                      304.66713211382114       0.30305267097605026      0.6969473290238593       1.9066439134270283       0.7457822532752235
42                       600                      304.66713211382114       0.30111241646005693      0.6988875835393722       1.0587276008410131       0.31603811222066847
44                       500                      304.66713211382114       0.2699674263118094       0.7300325736882046       -2.7220332186471183      -1.5786491844180963
44                       509.99999999999994       304.66713211382114       0.2662973281093778       0.7337026718906171       2.6713272792496436       -2.0172685900297753
44                       519.9999999999999        304.66713211382114       0.26593110680391374      0.7340688931958927       1.7783343401309883       -2.4564912506410224
44                       530                      304.66713211382114       0.268937479326171        0.7310625206738691       0.887315331527815        -2.8953632321930955
44                       540                      304.66713211382114       0.2747311094116786       0.7252688905881842       0.002819520401758468     2.9503275051151827
44                       550                      304.66713211382114       0.28217330578712646      0.7178266942127468       -0.8722995192307716      2.514782306577923
44                       560                      304.66713211382114       0.2899048602379421       0.7100951397620302       -1.7369592899054858      2.0815539766090874
44                       570                      304.66713211382114       0.2965791936887422       0.7034208063112787       -2.5921623632227937      1.650477839997082
44                       580                      304.66713211382114       0.3010746651884441       0.6989253348115574       2.842905193068583        1.2210521707589042
44                       590                      304.66713211382114       0.3027175300737159       0.6972824699263692       1.9986395580222938       0.7925578654772236
44                       600                      304.66713211382114       0.3012473605824701       0.6987526394175911       1.1543676093929873       0.36408008073701176
45.99999999999999        500                      304.66713211382114       0.26800790607378777      0.7319920939263028       -2.630292385098151       -1.5351787064788915
45.99999999999999        509.99999999999994       304.66713211382114       0.26350739705370696      0.7364926029464348       2.7639209121971806       -1.9731055718792083
45.99999999999999        519.9999999999999        304.66713211382114       0.26244892627279237      0.7375510737271105       1.8708122716561988       -2.411835622059851
45.99999999999999        530                      304.66713211382114       0.26505631936053875      0.7349436806394237       0.9788782631143721       -2.8503775115385537
45.99999999999999        540                      304.66713211382114       0.2708145564321681       0.7291854435678139       0.09308721441253989      2.9955355334735465
45.99999999999999        550                      304.66713211382114       0.2786080049649081       0.7213919950349833       -0.7829107028666457      2.5602929678589423
45.99999999999999        560                      304.66713211382114       0.28697634777707576      0.7130236522228632       -1.647759821355824       2.1274450803784983
45.99999999999999        570                      304.66713211382114       0.29445874082178036      0.705541259178261        -2.5021126237234825      1.696977233285415
45.99999999999999        580                      304.66713211382114       0.29980548307745875      0.7001945169225682       2.9348178293939764       1.2684021160533419
45.99999999999999        590                      304.66713211382114       0.3022299988203548       0.6977700011797849       2.0933944333314565       0.8409722306069549
45.99999999999999        600                      304.66713211382114       0.3013562005689212       0.698643799431098        1.2529227985731217       0.4138010967811158
48                       500                      304.66713211382114       0.2662316901255915       0.7337683098744829       -2.5346418354314624      -1.4899445825221573
48                       509.99999999999994       304.66713211382114       0.2607908114399932       0.7392091885600571       2.8610218179312246       -1.9270395772312132
48                       519.9999999999999        304.66713211382114       0.25893009489379254      0.7410699051061567       1.9679539500099432       -2.365233934903624
48                       530                      304.66713211382114       0.260996253315459        0.739003746684355        1.0749889298478972       -2.8034343907982464
48                       540                      304.66713211382114       0.2665893799185056       0.7334106200814301       0.1877826271457891       3.0427102266357484
48                       550                      304.66713211382114       0.2746494784132428       0.7253505215868522       -0.6894007142459486      2.607714113429069
48                       560                      304.66713211382114       0.28361009151861183      0.7163899084813858       -1.5548173175954496      2.1752194653575225
48                       570                      304.66713211382114       0.29191725793969253      0.70808274206025         -2.408812988559462       1.7452548454521162
48                       580                      304.66713211382114       0.298225484846941        0.7017745151528774       3.02994034255179         1.3175484424351005
48                       590                      304.66713211382114       0.30155276919818597      0.6984472308021419       2.1911488410280406       0.8911635418291558
48                       600                      304.66713211382114       0.3014020635240426       0.6985979364759748       1.3544342807682281       0.4653029316158958
50                       500                      304.66713211382114       0.2646944362271837       0.7353055637727139       -2.434566796539245       -1.442735696079154
50                       509.99999999999994       304.66713211382114       0.2582352773859529       0.7417647226140777       2.962949971643294        -1.8789285336238073
50                       519.9999999999999        304.66713211382114       0.25540173536243715      0.7445982646376089       2.070192157252256        -2.3164963851632923
50                       530                      304.66713211382114       0.2567804758929565       0.7432195241070756       1.1763259300957514       -2.7542805072372247
50                       540                      304.66713211382114       0.2620859464440934       0.7379140535557245       0.2875751350585451       3.0921202612195633
50                       550                      304.66713211382114       0.27027452384418293      0.7297254761557911       -0.5912632780140897      2.657319672782417
50                       560                      304.66713211382114       0.2797939356431968       0.7202060643569165       -1.4575354997784844      2.2251181090837093
50                       570                      304.66713211382114       0.2889790837432135       0.7110209162567073       -2.3113990694046165      1.7956624592547157
50                       580                      304.66713211382114       0.29626384003248135      0.7037361599677041       3.128414393852512        1.3685962406637768
50                       590                      304.66713211382114       0.30060027149528123      0.6993997285045965       2.2922586489292627       0.9432957484960275
50                       600                      304.66713211382114       0.30132261858060505      0.6986773814194488       1.4590622065910537       0.5186841226144052
51.99999999999999        500                      304.66713211382114       0.2634614495935917       0.7365385504065537       -2.330425784284891       -1.3936889726803985
51.99999999999999        509.99999999999994       304.66713211382114       0.2559011906385015       0.7440988093614256       3.0695350846409952       -1.8288165766215854
51.99999999999999        519.9999999999999        304.66713211382114       0.2519711240216816       0.7480288759782909       2.177552320441381        -2.2656540119744717
51.99999999999999        530                      304.66713211382114       0.25245644568724834      0.7475435543127885       1.2829396140984914       -2.7029724266594672
51.99999999999999        540                      304.66713211382114       0.2572824449452039       0.7427175550549099       0.3924228680222383       -3.1395132187822
51.99999999999999        550                      304.66713211382114       0.26547320188685963      0.7345267981131559       -0.4883167699841851      2.709038233039224
51.99999999999999        560                      304.66713211382114       0.27547306207245037      0.7245269379275089       -1.356129388297801       2.277035388099061
51.99999999999999        570                      304.66713211382114       0.28548843695258086      0.7145115630474539       -2.2103363876111475      1.8479922567516465
51.99999999999999        580                      304.66713211382114       0.2938502918570298       0.7061497081430209       -3.0528134239900315      1.4215923498335787
51.99999999999999        590                      304.66713211382114       0.2992862561266997       0.7007137438731916       2.3963433834380123       0.9972174600534075
51.99999999999999        600                      304.66713211382114       0.3010412994962412       0.6989587005035971       1.5666343492683115       0.5738841095957773
53.99999999999999        500                      304.66713211382114       0.2625512724961928       0.7374487275038147       -2.222041833978624       -1.3426671947858642
53.99999999999999        509.99999999999994       304.66713211382114       0.2538522793166489       0.74614772068337         -3.1021214305861857      -1.7765928808235387
53.99999999999999        519.9999999999999        304.66713211382114       0.24867664217638025      0.7513233578236523       2.2904191683402866       -2.212523501675857
53.99999999999999        530                      304.66713211382114       0.2481077630156427       0.7518922369843294       1.3953382795000635       -2.6493251312530237
53.99999999999999        540                      304.66713211382114       0.25223498729872434      0.7477650127012959       0.5030153461150022       -3.0855630568005044
53.99999999999999        550                      304.66713211382114       0.26027936074463426      0.7397206392553634       -0.37997147369975454     2.763148060624255
53.99999999999999        560                      304.66713211382114       0.27060969329703743      0.7293903067029986       -1.24972723888718        2.331266024508443
53.99999999999999        570                      304.66713211382114       0.28142207459646124      0.7185779254034933       -2.1049438010217045      1.9025156339110532
53.99999999999999        580                      304.66713211382114       0.2908964075240691       0.7091035924760275       -2.9470527823327037      1.4766747745341045
53.99999999999999        590                      304.66713211382114       0.2975522540634926       0.7024477459367341       2.5038666577061          1.0531494363675735
53.99999999999999        600                      304.66713211382114       0.30047860900056006      0.6995213909994557       1.6773344925566909       0.6310470717469676
56                       500                      304.66713211382114       0.26208142333913964      0.737918576660835        -2.109304329246703       -1.289573350639441
56                       509.99999999999994       304.66713211382114       0.2521520893458051       0.7478479106540561       -2.9854659478446086      -1.722112332767693
56                       519.9999999999999        304.66713211382114       0.2456249848589928       0.7543750151410874       2.4091131801660453       -2.157022561743318
56                       530                      304.66713211382114       0.24377218241723178      0.7562278175828562       1.5139856243355514       -2.5931372126627954
56                       540                      304.66713211382114       0.24698843894765374      0.7530115610526865       0.6199462214730896       -3.029069597350614
56                       550                      304.66713211382114       0.2546341617197721       0.7453658382801679       -0.26569555682186213     2.819785015825054
56                       560                      304.66713211382114       0.2651878894903697       0.73481211050983         -1.1379362054188478      2.38800162570227
56                       570                      304.66713211382114       0.27674587094068454      0.7232541290593472       -1.9947073833825792      1.959449865171554
56                       580                      304.66713211382114       0.28733123478788447      0.7126687652120205       -2.837027518702742       1.5340631788662897
56                       590                      304.66713211382114       0.29531033315388894      0.7046896668460942       2.6152574598818594       1.1113299418052072
56                       600                      304.66713211382114       0.29955169612022603      0.7004483038799525       1.7915420781683153       0.6903476549713814
57.99999999999999        500                      304.66713211382114       0.26207964279947504      0.7379203572004369       -1.9922406667327728      -1.234349151037716
57.99999999999999        509.99999999999994       304.66713211382114       0.2509405772743223       0.7490594227255197       -2.863627572463204       -1.6653005974712325
57.99999999999999        519.9999999999999        304.66713211382114       0.24291247078704886      0.7570875292129132       2.5338329234618917       -2.0990229552422415
57.99999999999999        530                      304.66713211382114       0.23959053373822098      0.7604094662616929       1.639327862902386        -2.534315128144413
57.99999999999999        540                      304.66713211382114       0.24163181295208858      0.7583681870480008       0.743655039653291        -2.969822361098333
57.99999999999999        550                      304.66713211382114       0.2486095614849396       0.751390438515026        -0.14482851645547745     2.8791512388346767
57.99999999999999        560                      304.66713211382114       0.2591815148172253       0.7408184851828556       -1.0200679951313012      2.447429644918814
57.99999999999999        570                      304.66713211382114       0.2713500516304618       0.7286499483694351       -1.8790982824228109      2.0189660154907374
57.99999999999999        580                      304.66713211382114       0.28303769678183144      0.7169623032181882       -2.7223425462044237      1.5939165129843844
57.99999999999999        590                      304.66713211382114       0.2924091571530668       0.7075908428469655       2.7305915195375605       1.1717971680621226
57.99999999999999        600                      304.66713211382114       0.29814931186074806      0.7018506881392664       1.9092268641927694       0.7518574056196157
60                       500                      304.66713211382114       0.2625833320549321       0.7374166679450469       -1.8710094224605702      -1.1769645015346466
60                       509.99999999999994       304.66713211382114       0.25026329995984253      0.749736700040252        -2.7366412876400457      -1.6061487132817998
60                       519.9999999999999        304.66713211382114       0.24066305293124118      0.7593369470688579       2.6648189109324423       -2.0384010522457574
60                       530                      304.66713211382114       0.23567114320637542      0.7643288567936757       1.771621788987903        -2.472746049397746
60                       540                      304.66713211382114       0.23623790507521064      0.7637620949248201       0.8748159108470368       -2.9076915215277586
60                       550                      304.66713211382114       0.2422906126020932       0.757709387398071        -0.016695715988100105    2.9414333818567955
60                       560                      304.66713211382114       0.25259749060232084      0.7474025093977419       -0.8954980521713944      2.5097232667489546
60                       570                      304.66713211382114       0.2652328796136034       0.7347671203864619       -1.757568770817162       2.0812668054660515
60                       580                      304.66713211382114       0.27793828585804076      0.7220617141419176       -2.602571460530188       1.6563620439727338
60                       590                      304.66713211382114       0.28874427485746146      0.7112557251425013       2.850370625938782        1.2347853958013748
60                       600                      304.66713211382114       0.2960973237091528       0.7039026762910862       2.0307870173788407       0.8157536462690514
61.99999999999999        500                      304.66713211382114       0.2636466957148924       0.7363533042852628       -1.7457174590501334      -1.1173564439583281
61.99999999999999        509.99999999999994       304.66713211382114       0.25022291899761995      0.749777081002385        -2.6045236401650964      -1.5445187944659633
61.99999999999999        519.9999999999999        304.66713211382114       0.23902996782662903      0.760970032173477        2.8019659357433815       -1.9751201137867302
61.99999999999999        530                      304.66713211382114       0.23214234272900613      0.7678576572710992       1.9112258692624258       -2.408257287646983
61.99999999999999        540                      304.66713211382114       0.23097669209727437      0.7690233079027434       1.0139516685998522       -2.8425182316993722
61.99999999999999        550                      304.66713211382114       0.23573503502195906      0.7642649649779769       0.11959834134649214      3.0069222470357695
61.99999999999999        560                      304.66713211382114       0.24545936951481032      0.7545406304851869       -0.7633176037597975      2.5751469232782758
61.99999999999999        570                      304.66713211382114       0.25831810560475826      0.7416818943952521       -1.6292734153961708      2.146581090013058
61.99999999999999        580                      304.66713211382114       0.27196830573578296      0.7280316942642073       -2.4769163041672373      1.7217425480728576
61.99999999999999        590                      304.66713211382114       0.28420974708749935      0.7157902529125976       2.975143873530833        1.300488135671315
61.99999999999999        600                      304.66713211382114       0.2932920796934088       0.7067079203065173       2.1566686740455014       0.8822465980118546
63.99999999999999        500                      304.66713211382114       0.2652967196514654       0.7347032803487044       -1.6166104651965412      -1.0555218659556127
63.99999999999999        509.99999999999994       304.66713211382114       0.25093316859217996      0.7490668314080046       -2.467668087679161       -1.4804518115025618
63.99999999999999        519.9999999999999        304.66713211382114       0.2381235970464831       0.7618764029535563       2.9453688735428916       -1.9090780768508486
63.99999999999999        530                      304.66713211382114       0.22922246824889433      0.7707775317510954       2.058470105586656        -2.340743904901294
63.99999999999999        540                      304.66713211382114       0.22601383295962496      0.7739861670402702       1.1616323011971985       -2.774105107959641
63.99999999999999        550                      304.66713211382114       0.2290782978047042       0.770921702195213        0.26466491666573816      3.0757043638311408
63.99999999999999        560                      304.66713211382114       0.23787330779758056      0.7621266922025409       -0.6226136183561565      2.643979325785484
63.99999999999999        570                      304.66713211382114       0.25063084760310134      0.7493691523969567       -1.493244265246744       2.215251971595471
63.99999999999999        580                      304.66713211382114       0.26500381280978785      0.7349961871897027       -2.3445534787509246      1.7902825707109948
63.99999999999999        590                      304.66713211382114       0.27866028815026433      0.721339711849815        3.10550282389525         1.3691743652520347
63.99999999999999        600                      304.66713211382114       0.28952311344843046      0.7104768865515833       2.2872032562086164       0.9514649769794724
66                       500                      304.66713211382114       0.2675383393227277       0.7324616606773529       -1.4839495272857204      -0.9913736351429779
66                       509.99999999999994       304.66713211382114       0.252393762983955        0.747606237016027        -2.325984389935218       -1.4137604097520589
66                       519.9999999999999        304.66713211382114       0.23806115416709525      0.7619388458328251       3.0948225327731165       -1.8401530434297007
66                       530                      304.66713211382114       0.22708541769123766      0.7729145823087644       2.2133684910501583       -2.2700591852884138
66                       540                      304.66713211382114       0.22153056708298077      0.7784694329171802       1.318346987167651        -2.702247526813761
66                       550                      304.66713211382114       0.22254646399541506      0.7774535360046473       0.41951387184719174      -3.1350502071555666
66                       560                      304.66713211382114       0.22992276857602764      0.7700772314239906       -0.47232074412867525     2.7164817468019375
66                       570                      304.66713211382114       0.24217361321271688      0.7578263867873944       -1.3484358940042822      2.287520860576364
66                       580                      304.66713211382114       0.2570246048353358       0.7429753951645773       -2.20455508028869        1.862300202164173
66                       590                      304.66713211382114       0.27194965341528066      0.728050346584767        -3.040785539502921       1.4411582033523336
66                       600                      304.66713211382114       0.2846267194142708       0.7153732805854731       2.423162280818872        1.0237908239297653
67.99999999999999        500                      304.66713211382114       0.2702919739324841       0.7297080260674261       -1.3478732352609082      -0.9248957628939506
67.99999999999999        509.99999999999994       304.66713211382114       0.25468509550494195      0.7453149044950325       -2.18018256719977        -1.3445438935694667
67.99999999999999        519.9999999999999        304.66713211382114       0.2390159520993884       0.7609840479007768       -3.0334203964772826      -1.768474461197864
67.99999999999999        530                      304.66713211382114       0.22591007567828084      0.7740899243217256       2.375512723662862        -2.1962404364936514
67.99999999999999        540                      304.66713211382114       0.2178442443085216       0.7821557556915347       1.4841677552997947       -2.62691851231423
67.99999999999999        550                      304.66713211382114       0.21636237827126412      0.7836376217286911       0.5846824192601001       -3.0588956042628035
67.99999999999999        560                      304.66713211382114       0.22181362224414186      0.7781863777557882       -0.3114702281665303      2.792841589898975
67.99999999999999        570                      304.66713211382114       0.23309635597456227      0.7669036440248346       -1.193622580506224       2.363718064265828
67.99999999999999        580                      304.66713211382114       0.24802183247783177      0.7519781675227138       -2.055740452563883       1.9381141760005283
67.99999999999999        590                      304.66713211382114       0.26398591780835634      0.7360140821916863       -2.8964485501446546      1.5166983884475986
67.99999999999999        600                      304.66713211382114       0.2784680740013908       0.7215319259985875       2.5652982749746758       1.0994439727749075
70                       500                      304.66713211382114       0.27352997319042305      0.7264700268094498       -1.2090323628356705      -0.8561542347906744
70                       509.99999999999994       304.66713211382114       0.25777222621244017      0.7422277737875993       -2.0306568804990004      -1.2728004946104878
70                       519.9999999999999        304.66713211382114       0.2410147266994565       0.7589852733005304       -2.873201055820278       -1.693838726806645
70                       530                      304.66713211382114       0.2259158705165771       0.7740841294833941       2.544849276262436        -2.1191391809523554
70                       540                      304.66713211382114       0.215160234431422        0.7848397655685043       1.6592531554838168       -2.547932488103372
70                       550                      304.66713211382114       0.21083869298031988      0.7891613070197354       0.7607788289731675       -2.9787658988745878
70                       560                      304.66713211382114       0.21383064957541556      0.7861693504246267       -0.13878808094285583     2.8734134570618166
70                       570                      304.66713211382114       0.22354103376174178      0.7764589662385215       -1.0274853993496051      2.4441339050221638
70                       580                      304.66713211382114       0.23803548017663473      0.7619645198233427       -1.8967166783547562      2.0180759791746414
70                       590                      304.66713211382114       0.25471342846402845      0.7452865715359299       -2.7433569655819756      1.5962512080840563
70                       600                      304.66713211382114       0.2708197252074652       0.7291802747924471       2.7145876646941094       1.1788082571932321
72                       500                      304.66713211382114       0.2770939457533921       0.7229060542465389       -1.067404279257819       -0.7850044045211407
72                       509.99999999999994       304.66713211382114       0.26165176670426316      0.7383482332957646       -1.8779356290554772      -1.1985217026655046
72                       519.9999999999999        304.66713211382114       0.24414075900019233      0.7558592409999966       -2.708610839195981       -1.6163827825837191
72                       530                      304.66713211382114       0.2272664484020493       0.7727335515978795       2.7204578043239196       -2.0388181495427564
72                       540                      304.66713211382114       0.2138301068645683       0.7861698931354096       1.843227747407181        -2.4652703231201105
72                       550                      304.66713211382114       0.20633154580073998      0.7936684541992121       0.9482860070616772       -2.8945143457585156
72                       560                      304.66713211382114       0.20631269277096445      0.7936873072290345       0.04666867353668392      2.9584000498294114
72                       570                      304.66713211382114       0.21376734590904706      0.7862326540910087       -0.8483773861849645      2.5291266662391507
72                       580                      304.66713211382114       0.2272034707690017       0.7727965292301445       -1.7257703385982501      2.1026400455215573
72                       590                      304.66713211382114       0.2440737831729855       0.7559262168270741       -2.579974878324754       1.6801759957408207
72                       600                      304.66713211382114       0.2615586728109527       0.7384413271891023       2.8724564348020936       1.2622954316010868
73.99999999999999        500                      304.66713211382114       0.2808092067418922       0.7191907932581133       -0.9233471627062088      -0.7114399961819067
73.99999999999999        509.99999999999994       304.66713211382114       0.2661458013255659       0.7338541986745512       -1.722438139944401       -1.1216631936745065
73.99999999999999        519.9999999999999        304.66713211382114       0.2484072975326187       0.7515927024671231       -2.5401547770179684      -1.5360360338707697
73.99999999999999        530                      304.66713211382114       0.23009132433388108      0.7699086756662195       2.9017658078731263       -1.9552039296098087
73.99999999999999        540                      304.66713211382114       0.2140972244150959       0.7859027755849683       2.0353790335957864       -2.378883969500986
73.99999999999999        550                      304.66713211382114       0.20324298912650504      0.7967570108734021       1.14699121290851         -2.8060555941136665
73.99999999999999        560                      304.66713211382114       0.19969393760074916      0.8003060623991181       0.24572294963432117      3.0480238810884144
73.99999999999999        570                      304.66713211382114       0.20417268937421154      0.7958273106258532       -0.6547399152907137      2.619052540929031
73.99999999999999        580                      304.66713211382114       0.21574945823058433      0.7842505417693487       -1.5409164040319816      2.192182565737543
73.99999999999999        590                      304.66713211382114       0.23219559794674816      0.7678044020531879       -2.4042936759735873      1.7690445689334848
73.99999999999999        600                      304.66713211382114       0.25061472637679477      0.7493852736231693       3.040594384795902        1.3504683489415652
76                       500                      304.66713211382114       0.2844357562245016       0.7155642437756279       -0.7769275629411805      -0.6353599844277029
76                       509.99999999999994       304.66713211382114       0.27108250360691916      0.7289174963931043       -1.5643346545702337      -1.0421256326423902
76                       519.9999999999999        304.66713211382114       0.2536661296183155       0.7463338703816458       -2.3688304324436595      -1.4528922822431325
76                       530                      304.66713211382114       0.23444565441189824      0.7655543455881635       3.087570242137143        -1.8683813433465437
76                       540                      304.66713211382114       0.2161625490881732       0.7838374509118258       2.2346765931265247       -2.288736763312404
76                       550                      304.66713211382114       0.20198518219372164      0.7980148178065931       1.356119488404666        -2.7133524539260825
76                       560                      304.66713211382114       0.19450778773696575      0.8054922122629805       0.4586180677600217       -3.1407171593347902
76                       570                      304.66713211382114       0.19528245678810888      0.8047175432118243       -0.44514388644237807     2.714223671400375
76                       580                      304.66713211382114       0.20411705803468197      0.7958829419652624       -1.3399906308174088      2.2872022861461367
76                       590                      304.66713211382114       0.21926667870454253      0.780733321295487        -2.2141010108651833      1.8632892356764634
76                       600                      304.66713211382114       0.23794005475155575      0.7620599452483722       -3.062036349996612       1.4438214722844223
78                       500                      304.66713211382114       0.28769296137932604      0.7123070386205913       -0.6286145569625023      -0.55674227401756
78                       509.99999999999994       304.66713211382114       0.2762344843281272       0.7237655156718062       -1.4046941580067738      -0.9600956994470834
78                       519.9999999999999        304.66713211382114       0.2597686451275012       0.7402313548723078       -2.1953737145232872      -1.366997751786852
78                       530                      304.66713211382114       0.24024617913079147      0.7597538208691068       -3.006735007311234       -1.7784921173596964
78                       540                      304.66713211382114       0.2202694517105396       0.77973054828957         2.4394453296744802       -2.1950376728246783
78                       550                      304.66713211382114       0.20291698431222893      0.7970830156878382       1.5745292592701141       -2.6163729871843313
78                       560                      304.66713211382114       0.19131716508737648      0.8086828349126349       0.6850511953463162       -3.0413800877518806
78                       570                      304.66713211382114       0.18773007394237837      0.812269926057586        -0.21864526868175532     2.814804022144849
78                       580                      304.66713211382114       0.19285752509807158      0.807142474901988        -1.120929183582458       2.387995191876705
78                       590                      304.66713211382114       0.20567505572999936      0.7943249442700505       -2.0065258037214284      1.9635034653314487
78                       600                      304.66713211382114       0.22368279252484413      0.7763172074751544       -2.8664873698417255      1.5429824432199328
79.99999999999999        500                      304.66713211382114       0.29015945740525023      0.7098405425947657       -0.47806685057223636     -0.4753771889868768
79.99999999999999        509.99999999999994       304.66713211382114       0.2812001450607768       0.7187998549392766       -1.2433637931904726      -0.8753618628432692
79.99999999999999        519.9999999999999        304.66713211382114       0.2664123628197221       0.7335876371803078       -2.020436918499958       -1.2783354108638711
79.99999999999999        530                      304.66713211382114       0.24737151797508927      0.7526284820248597       -2.8157411671849095      -1.6855886853344297
79.99999999999999        540                      304.66713211382114       0.2263572257390502       0.7736427742610387       2.6480555550068163       -2.0978364028363736
79.99999999999999        550                      304.66713211382114       0.20636879745623202      0.7936312025436912       1.8000909576779156       -2.515290429744916
79.99999999999999        560                      304.66713211382114       0.19071440128864747      0.8092855987113325       0.9234950314821726       -2.9372311073859523
79.99999999999999        570                      304.66713211382114       0.18226650512435724      0.8177334948756037       0.024798047151768268     2.9209439054010535
79.99999999999999        580                      304.66713211382114       0.18275245997541278      0.8172475400246484       -0.8817632205427306      2.494944034951394
79.99999999999999        590                      304.66713211382114       0.19203981416932653      0.8079601858308157       -1.7786291986965983      2.0701638267304787
79.99999999999999        600                      304.66713211382114       0.20827444827684086      0.7917255517232281       -2.652535964786145       1.6486013651869997
82                       500                      304.66713211382114       0.2914311236180222       0.7085688763821301       -0.32502238063022093     -0.3910252070247942
82                       509.99999999999994       304.66713211382114       0.2855519645911522       0.7144480354089313       -1.0806401827276355      -0.7878810589519086
82                       519.9999999999999        304.66713211382114       0.27317917959729326      0.7268208204027508       -1.8445937412450728      -1.1869238592477769
82                       530                      304.66713211382114       0.2554793347366058       0.7445206652633756       -2.6237182439809716      -1.5897292960178369
82                       540                      304.66713211382114       0.23435067279602992      0.7656493272038546       2.8585478634841253       -1.99736360380507
82                       550                      304.66713211382114       0.21248551998078372      0.787514480019212        2.0303812325094075       -2.41027854696481
82                       560                      304.66713211382114       0.1931513577672175       0.8068486422327061       1.1714911593313169       -2.8283044715758634
82                       570                      304.66713211382114       0.17974362403734775      0.8202563759625917       0.28387911764754237      3.03267122749359
82                       580                      304.66713211382114       0.17477489120313566      0.8252251087969196       -0.6216100551505926      2.6082432512549825
82                       590                      304.66713211382114       0.17925791424797585      0.8207420857518902       -1.5275525435692738      2.183731424938832
82                       600                      304.66713211382114       0.1922922830346755       0.8077077169650998       -2.4162217489090008      1.7614271315219858
84                       500                      304.66713211382114       0.2909263011662795       0.7090736988336981       -0.16934201528004195     -0.3035009126697703
84                       509.99999999999994       304.66713211382114       0.2887066643111442       0.7112933356888025       -0.9161417095351816      -0.6974079737661479
84                       519.9999999999999        304.66713211382114       0.27948328032688824      0.7205167196731092       -1.668325834819244       -1.0927722128818098
84                       530                      304.66713211382114       0.26402885676666005      0.7359711432334093       -2.4318422605393346      -1.4910507242909197
84                       540                      304.66713211382114       0.2438232955964248       0.7561767044034917       3.069509907952892        -1.8937078892866135
84                       550                      304.66713211382114       0.22109772336287445      0.778902276637073        2.262623926500627        -2.3016264548497105
84                       560                      304.66713211382114       0.1989428267036329       0.8010571732963938       1.4252495551181874       -2.715035422108155
84                       570                      304.66713211382114       0.18081644817833104      0.8191835518215772       0.5555893361777214       -3.1333554192166546
84                       580                      304.66713211382114       0.17000021009882213      0.8299997899011019       -0.3414982579930031      2.7278796690136358
84                       590                      304.66713211382114       0.16854865381333065      0.8314513461867142       -1.2511919351155782      2.3044601163436496
84                       600                      304.66713211382114       0.1768123078245543       0.8231876921754392       -2.1537324538326197      1.881868876342191
85.99999999999999        500                      304.66713211382114       0.2881121051048826       0.7118878948950961       -0.009827791830829866    -0.21220336382160282
85.99999999999999        509.99999999999994       304.66713211382114       0.29007658597395825      0.7099234140260836       -0.7497273321118378      -0.6036698970682671
85.99999999999999        519.9999999999999        304.66713211382114       0.28470140330651394      0.7152985966935727       -1.4910972459318244      -0.9955183440102604
85.99999999999999        530                      304.66713211382114       0.2724111605313084       0.727588839468643        -2.240186880110861       -1.3894660696461465
85.99999999999999        540                      304.66713211382114       0.2542153106826652       0.7457846893174014       -3.003828351001383       -1.7870911511901582
85.99999999999999        550                      304.66713211382114       0.23190011326142823      0.7680998867385587       2.494319874342401        -2.189596988577334
85.99999999999999        560                      304.66713211382114       0.20807562731225684      0.7919243726878036       1.6813832445828238       -2.5976154642045115
85.99999999999999        570                      304.66713211382114       0.18604824216337668      0.813951757836688        0.8352190044162984       -3.0111773772042647
85.99999999999999        580                      304.66713211382114       0.16944447108755917      0.8305555289125356       -0.04469754729052807     2.8537160701902486
85.99999999999999        590                      304.66713211382114       0.16131024946962438      0.838689750530385        -0.9495082479539649      2.432485863674276
85.99999999999999        600                      304.66713211382114       0.16325279597947126      0.8367472040205249       -1.8610529191701732      2.0104657566116817
88                       500                      304.66713211382114       0.28228925160558094      0.7177107483944571       0.15444045560509928      -0.11666756805171495
88                       509.99999999999994       304.66713211382114       0.2889016863018822       0.7110983136982546       -0.5804783121678507      -0.5062003878619713
88                       519.9999999999999        304.66713211382114       0.28805296608160125      0.7119470339185646       -1.3130478645410097      -0.8950484916216804
88                       530                      304.66713211382114       0.27979495108681457      0.7202050489133291       -2.049324775890278       -1.2849359590951144
88                       540                      304.66713211382114       0.2647479778061791       0.7352520221937348       -2.7959955171263946      -1.6776118774736408
88                       550                      304.66713211382114       0.24419139109732588      0.7558086089027601       2.7236854116640843       -2.074443446104786
88                       560                      304.66713211382114       0.22014727536444711      0.779852724635553        1.9359254093553613       -2.476581685273261
88                       570                      304.66713211382114       0.1955451745660558       0.8044548254338849       1.1171621369405704       -2.8844716415271012
88                       580                      304.66713211382114       0.1739539611669236       0.8260460388330678       0.26259266851383756      2.9852780622743667
88                       590                      304.66713211382114       0.15896824543169621      0.8410317545682664       -0.6259934387775868      2.567579564960538
88                       600                      304.66713211382114       0.15342793827215678      0.8465720617278638       -1.5370961958385458      2.14739157919472
90                       500                      304.66713211382114       0.2728577801587209       0.7271422198413549       0.32557703904752905      -0.01601398036281917
90                       509.99999999999994       304.66713211382114       0.28439046509551724      0.7156095349045213       -0.40704661736604253     -0.40432898890061
90                       519.9999999999999        304.66713211382114       0.288630784547112        0.7113692154530388       -1.1329611832646147      -0.7907489646358853
90                       530                      304.66713211382114       0.28523086709788803      0.7147691329019895       -1.8584988359249122      -1.1770610549503246
90                       540                      304.66713211382114       0.27439304444295815      0.725606955557102        -2.5901798401682483      -1.56512554650864
90                       550                      304.66713211382114       0.2569650979392702       0.7430349020608724       2.949365237861752        -1.9563361042704797
90                       560                      304.66713211382114       0.2343706807978211       0.7656293192021368       2.186321804882115        -2.3522390977646475
90                       570                      304.66713211382114       0.20892183544137735      0.7910781645585747       1.3964668109465863       -2.7537714308306547
90                       580                      304.66713211382114       0.18376732348996955      0.8162326765100761       0.572928880814111        3.1220296370282394
90                       590                      304.66713211382114       0.16267629654019128      0.8373237034597657       -0.2887561799868218      2.709208575069968
90                       600                      304.66713211382114       0.14921543769402457      0.850784562305981        -1.185199064966869       2.292376936287665
91.99999999999999        500                      304.66713211382114       0.2590514873617131       0.7409485126387092       0.5057994005921016       0.09073820176137841
91.99999999999999        509.99999999999994       304.66713211382114       0.2757268711722332       0.7242731288277798       -0.22745981229548345     -0.2971538626141111
91.99999999999999        519.9999999999999        304.66713211382114       0.2854648132613359       0.7145351867387146       -0.9495941299862662      -0.6819680628262448
91.99999999999999        530                      304.66713211382114       0.28758584828614553      0.7124141517139048       -1.6670933538853439      -1.0654548782509825
91.99999999999999        540                      304.66713211382114       0.28198021267848133      0.7180197873217211       -2.386007021850835       -1.4493267271294055
91.99999999999999        550                      304.66713211382114       0.2689824718639838       0.7310175281359681       -3.112185037029259       -1.8352804507746034
91.99999999999999        560                      304.66713211382114       0.24951103189615603      0.7504889681037821       2.430572760973644        -2.224993658086039
91.99999999999999        570                      304.66713211382114       0.22522654471825396      0.7747734552817896       1.6689825383162165       -2.6196961168655464
91.99999999999999        580                      304.66713211382114       0.1985931989362596       0.8014068010637482       0.8785577347553865       -3.020175876281198
91.99999999999999        590                      304.66713211382114       0.17300306098772641      0.8269969390121977       0.05177182831666853      2.856520642141477
91.99999999999999        600                      304.66713211382114       0.1522615976474244       0.8477384023528457       -0.8154791491219417      2.4447335260552276
94                       500                      304.66713211382114       0.24035214093537913      0.7596478590646001       0.6989917494743775       0.2048596434987985
94                       509.99999999999994       304.66713211382114       0.2620248045028579       0.7379751954971163       -0.03891532088846824     -0.18349978474440498
94                       519.9999999999999        304.66713211382114       0.27753365455017326      0.7224663454498608       -0.7607013740221907      -0.5676376812116044
94                       530                      304.66713211382114       0.2857239795300547       0.7142760204699458       -1.4731992824642954      -0.9491664688972704
94                       540                      304.66713211382114       0.28614295599221473      0.7138570440078809       -2.1823320737492415      -1.3296897208515286
94                       550                      304.66713211382114       0.27874326239084474      0.721256737609145        -2.8941851080427923      -1.711017975135037
94                       560                      304.66713211382114       0.26397713651204874      0.7360228634878616       2.66853472228473         -2.0948062104138883
94                       570                      304.66713211382114       0.24285139429237862      0.7571486057075049       1.9328216220708787       -2.482591970242274
94                       580                      304.66713211382114       0.21714314492544107      0.7828568550745622       1.1742656616598686       -2.8756879211125694
94                       590                      304.66713211382114       0.18945128834259073      0.8105487116576471       0.38536653976208235      3.008521178709546
94                       600                      304.66713211382114       0.16331752935050212      0.8366824706495596       -0.44253549371775847     2.6034101932935942
96                       500                      304.66713211382114       0.21639323426170093      0.7836067657381524       0.9099763275699171       0.3277629750377016
96                       509.99999999999994       304.66713211382114       0.24253967633939497      0.7574603236603195       0.16256694266048075      -0.06190776157283093
96                       519.9999999999999        304.66713211382114       0.2637135581740287       0.7362864418261639       -0.563279171975374       -0.4464716585012588
96                       530                      304.66713211382114       0.27830623302913227      0.7216937669709111       -1.2744712206557096      -0.8271177686303757
96                       540                      304.66713211382114       0.28540754296040577      0.7145924570396447       -1.9775782317408863      -1.2053612080004124
96                       550                      304.66713211382114       0.2845834275894665       0.7154165724105038       -2.678494669409386       -1.5829709179163027
96                       560                      304.66713211382114       0.2759053962108086       0.7240946037889696       2.900541045968916        -1.961546265267081
96                       570                      304.66713211382114       0.2598356457203887       0.7401643542796849       2.1868928582584517       -2.342862112242949
96                       580                      304.66713211382114       0.23747761359752675      0.7625223864023826       1.4571457578122469       -2.7284165301705965
96                       590                      304.66713211382114       0.2105958854174504       0.7894041145824787       0.7042274331298997       -3.119290420909972
96                       600                      304.66713211382114       0.18194589886129287      0.8180541011386501       -0.08087504159568121     2.7668576993776526
97.99999999999999        500                      304.66713211382114       0.18746147263063004      0.8125385273693233       1.1470173419430494       0.46142610284473184
97.99999999999999        509.99999999999994       304.66713211382114       0.21673899253191664      0.7832610074679563       0.38272225325758863      0.06938783084067099
97.99999999999999        519.9999999999999        304.66713211382114       0.2430379136138016       0.7569620863862295       -0.352889397334638       -0.31674736728507175
97.99999999999999        530                      304.66713211382114       0.2640235069702214       0.7359764930297715       -1.0675350850880805      -0.6977222789696296
97.99999999999999        540                      304.66713211382114       0.2782081128043495       0.7217918871956348       -1.7686489658834312      -1.0748918317926814
97.99999999999999        550                      304.66713211382114       0.2846944508478908       0.715305549152301        -2.4625697262597606      -1.4499653465706315
97.99999999999999        560                      304.66713211382114       0.28323497246670143      0.7167650275332147       3.128599524551711        -1.824417711805942
97.99999999999999        570                      304.66713211382114       0.2738206946283875       0.726179305371602        2.432648007745969        -2.200087029008597
97.99999999999999        580                      304.66713211382114       0.25699894076453106      0.7430010592356349       1.7270926748565933       -2.578555240107323
97.99999999999999        590                      304.66713211382114       0.23382565450440163      0.7661743454956276       1.0057945992239496       -2.961266833768495
97.99999999999999        600                      304.66713211382114       0.20609029019049444      0.7939097098095185       0.26069509992405887      2.9337183958526105
100                      500                      304.66713211382114       0.15467864820507837      0.8453213517949575       1.421981352185654        0.6076046527700694
100                      509.99999999999994       304.66713211382114       0.18486277999946824      0.8151372200005707       0.6308072099594136       0.21259821126789852
100                      519.9999999999999        304.66713211382114       0.21494955097849439      0.7850504490214966       -0.12209036805764191     -0.176060919446107
100                      530                      304.66713211382114       0.24171506785094987      0.7582849321490467       -0.8467193866693543      -0.5587481762117092
100                      540                      304.66713211382114       0.2629110337707138       0.7370889662292636       -1.551466930867814       -0.936439522479999
100                      550                      304.66713211382114       0.2771967681357787       0.7228032318640305       -2.2431134290508496      -1.3103850488705948
100                      560                      304.66713211382114       0.28376035709750447      0.7162396429026253       -2.927583235024647       -1.6821105099390001
100                      570                      304.66713211382114       0.2822437098509901       0.7177562901490085       2.6726203915091635       -2.053377358846255
100                      580                      304.66713211382114       0.2727758754692004       0.7272241245307691       1.9859159678785216       -2.4258200390829527
100                      590                      304.66713211382114       0.25583442190343797      0.7441655780965544       1.290382631484214        -2.8009078169044233
100                      600                      304.66713211382114       0.23237307017880582      0.767626929821213        0.5789717210172209       3.102803265714532
101.99999999999999       500                      304.66713211382114       0.12088127537747367      0.879118724622531        1.7544361078459028       0.768048679576286
101.99999999999999       509.99999999999994       304.66713211382114       0.1484188418811308       0.8515811581190261       0.9215144852379448       0.3699878190712333
101.99999999999999       519.9999999999999        304.66713211382114       0.17964508212843694      0.8203549178717001       0.13926837904545059      -0.0220087213735571
101.99999999999999       530                      304.66713211382114       0.21057742322113737      0.7894225767789033       -0.6042795408539283      -0.4076916979803401
101.99999999999999       540                      304.66713211382114       0.23813857775806857      0.7618614222419592       -1.3193821820860978      -0.7872729834634979
101.99999999999999       550                      304.66713211382114       0.26014488355141147      0.7398551164486105       -2.0149305807366904      -1.1618639788100558
101.99999999999999       560                      304.66713211382114       0.27516470985722485      0.7248352901428591       -2.697501717849047       -1.532662977766106
101.99999999999999       570                      304.66713211382114       0.28244557769501644      0.7175544223048672       2.910292658403273        -1.9012125017098835
101.99999999999999       580                      304.66713211382114       0.28171041278965947      0.7182895872103425       2.236992229428269        -2.2690508792778057
101.99999999999999       590                      304.66713211382114       0.27294349545657764      0.7270565045434467       1.5607719115756058       -2.6378787194153523
101.99999999999999       600                      304.66713211382114       0.2565896747215181       0.7434103252783606       0.876322987937925        -3.009267622295254
103.99999999999999       500                      304.66713211382114       0.09091932879688834      0.9090806712030591       2.17428074460179         0.9440204002908824
103.99999999999999       509.99999999999994       304.66713211382114       0.11097805792954057      0.8890219420704822       1.2802918024350203       0.5437376584364785
103.99999999999999       519.9999999999999        304.66713211382114       0.13909363657968776      0.8609063634203814       0.4498666970672594       0.14826984116908418
103.99999999999999       530                      304.66713211382114       0.17113131961027908      0.8288686803898495       -0.3266457075608646      -0.24118163993749414
103.99999999999999       540                      304.66713211382114       0.20312835629957648      0.7968716437004907       -1.0630016161178364      -0.624202175013787
103.99999999999999       550                      304.66713211382114       0.23193314822201874      0.7680668517778356       -1.7703825904722459      -1.0011630463775631
103.99999999999999       560                      304.66713211382114       0.2552695723157871       0.7447304276843163       -2.457657573632662       -1.3729522562916656
103.99999999999999       570                      304.66713211382114       0.27175834511202984      0.7282416548879524       -3.1317046457902404      -1.740793560190376
103.99999999999999       580                      304.66713211382114       0.28061861336344357      0.7193813866365841       2.4852734869793056       -2.106136606682311
103.99999999999999       590                      304.66713211382114       0.2814763692685503       0.7185236307313754       1.822154298334341        -2.4704163529383965
103.99999999999999       600                      304.66713211382114       0.2742744509854084       0.7257255490145569       1.1568038436742412       -2.8354678038113037
106                      500                      304.66713211382114       0.07155437270922885      0.9284456272907604       2.712336264737091        1.13546926230505
106                      509.99999999999994       304.66713211382114       0.07892435001901944      0.9210756499810235       1.7488112464427183       0.7350547550393502
106                      519.9999999999999        304.66713211382114       0.09818468762160361      0.901815312378365        0.843603563697619        0.3372236199389806
106                      530                      304.66713211382114       0.1261521356271906       0.8738478643728719       0.00956075218624294      -0.05603476520551876
106                      540                      304.66713211382114       0.15869974624961852      0.8413002537502574       -0.7654428405519468      -0.443357292858563
106                      550                      304.66713211382114       0.1918221253368216       0.8081778746632149       -1.4973120026598687      -0.8242702909008573
106                      560                      304.66713211382114       0.2222408311503506       0.777759168849626        -2.198942465463964       -1.1990814515248123
106                      570                      304.66713211382114       0.24759017488042417      0.7524098251194684       -2.8792671650604036      -1.5684993731449395
106                      580                      304.66713211382114       0.26630105414344596      0.7336989458564288       2.73782740500329         -1.9336163077484245
106                      590                      304.66713211382114       0.27759421865558814      0.722405781344429        2.080590360549301        -2.2958395766567845
106                      600                      304.66713211382114       0.28097837076631726      0.719021629233618        1.427400026124594        -2.6566635498695477
107.99999999999999       500                      304.66713211382114       0.06968618703178742      0.9303138129681953       -2.938925084751597       1.340534785985413
107.99999999999999       509.99999999999994       304.66713211382114       0.06089218162329205      0.9391078183766962       2.369138887758145        0.9434372687585679
107.99999999999999       519.9999999999999        304.66713211382114       0.06540805923421102      0.9345919407657992       1.3810230191211528       0.5459402472857988
107.99999999999999       530                      304.66713211382114       0.08241633604443574      0.91758366395554         0.45222848700348195      0.1504264874238234
107.99999999999999       540                      304.66713211382114       0.10912505778304861      0.8908749422169321       -0.3948758411803988      -0.24090698268058924
107.99999999999999       550                      304.66713211382114       0.14159891323968912      0.8584010867603513       -1.1744637319089903      -0.6266527100040007
107.99999999999999       560                      304.66713211382114       0.17572017022619366      0.8242798297737798       -1.9059311518963218      -1.006121615157882
107.99999999999999       570                      304.66713211382114       0.2080690147382795       0.7919309852617484       -2.6040024194796847      -1.3792990472034161
107.99999999999999       580                      304.66713211382114       0.23594571486418622      0.764054285135568        3.004006007511191        -1.7468720155080544
107.99999999999999       590                      304.66713211382114       0.25772768563862597      0.7422723143614035       2.34471729768289         -2.1097673228858933
107.99999999999999       600                      304.66713211382114       0.27239183345763973      0.7276081665422798       1.6958425286348418       -2.4691677332875996
109.99999999999999       500                      304.66713211382114       0.08912625604562745      0.9108737439544763       -2.3307298533491525      1.5554262063971684
109.99999999999999       509.99999999999994       304.66713211382114       0.06492814905385097      0.9350718509461834       3.0799779753273007       1.1659301355172516
109.99999999999999       519.9999999999999        304.66713211382114       0.051615289510835494     0.9483847104891434       2.1119110431544548       0.7729966057921152
109.99999999999999       530                      304.66713211382114       0.051340379316519524     0.948659620683464        1.092923752731616        0.3788028436929758
109.99999999999999       540                      304.66713211382114       0.06419533971329938      0.9358046602866417       0.1211502710916312       -0.014217053441115636
109.99999999999999       550                      304.66713211382114       0.08801981382263753      0.9119801861773639       -0.7549246336209803      -0.40389613101815214
109.99999999999999       560                      304.66713211382114       0.11928041390432607      0.8807195860958097       -1.5488254072007441      -0.788556674975316
109.99999999999999       570                      304.66713211382114       0.15391339786592195      0.8460866021342671       -2.285474810331899       -1.1671489282326526
109.99999999999999       580                      304.66713211382114       0.18804618792809777      0.8119538120718227       -2.9837304882670432      -1.5394791422221248
109.99999999999999       590                      304.66713211382114       0.2189257795707763       0.7810742204294453       2.627427209706897        -1.9058360037618538
109.99999999999999       600                      304.66713211382114       0.24446226761774775      0.755537732382498        1.9732175286047733       -2.267150640707156
112                      500                      304.66713211382114       0.127658538107279        0.872341461892693        -1.8286335560030431      1.7752981086757769
112                      509.99999999999994       304.66713211382114       0.09376186060945303      0.9062381393905763       -2.576662645382073       1.397317328993341
112                      519.9999999999999        304.66713211382114       0.06525511063870554      0.9347448893613173       2.885714710155337        1.0137634810870233
112                      530                      304.66713211382114       0.04596105972416868      0.9540389402758777       1.9581845663628346       0.6261230672710851
112                      540                      304.66713211382114       0.03887241472604408      0.9611275852738993       0.9224570270142683       0.23607100258708114
112                      550                      304.66713211382114       0.045128649137627985     0.9548713508622855       -0.11709634821869257     -0.15412549897085728
112                      560                      304.66713211382114       0.0637023178468626       0.9362976821532972       -1.05271214564946        -0.5420410747841302
112                      570                      304.66713211382114       0.09175012711930522      0.9082498728806708       -1.8789831520688842      -0.9257950178146113
112                      580                      304.66713211382114       0.12541668155348348      0.8745833184466422       -2.6306896456911772      -1.30414983197226
112                      590                      304.66713211382114       0.16081370119117389      0.8391862988087858       2.94846385333366         -1.6763725274771957
112                      600                      304.66713211382114       0.1946227756298855       0.8053772243700881       2.275699505214037        -2.042550775065343
113.99999999999999       500                      304.66713211382114       0.17666784588613424      0.8233321541138272       -1.4258821841908451      1.9956825047294078
113.99999999999999       509.99999999999994       304.66713211382114       0.14162873171526766      0.8583712682847745       -2.0915976623637107      1.6314263320032094
113.99999999999999       519.9999999999999        304.66713211382114       0.10604775838831652      0.8939522416118736       -2.790217999767648       1.2613883254104712
113.99999999999999       530                      304.66713211382114       0.07338197787113529      0.9266180221288626       2.7405173571240176       0.8853350934385547
113.99999999999999       540                      304.66713211382114       0.0474548526863934       0.9525451473136749       1.8978514055388838       0.5043028620007698
113.99999999999999       550                      304.66713211382114       0.03179399948253262      0.9682060005174977       0.9146831212260405       0.11985801114171085
113.99999999999999       560                      304.66713211382114       0.02877889573396587      0.9712211042660431       -0.19114943538744503     -0.26636270410559637
113.99999999999999       570                      304.66713211382114       0.03887718303764168      0.9611228169623964       -1.2433067573993275      -0.6518814790791617
113.99999999999999       580                      304.66713211382114       0.06052879575964174      0.9394712042403625       -2.1442397118229626      -1.0346442615590214
113.99999999999999       590                      304.66713211382114       0.090574226809151        0.9094257731907579       -2.931705637138123       -1.4131051748833574
113.99999999999999       600                      304.66713211382114       0.1253084492598015       0.8746915507401993       2.6315606179771085       -1.7859622633298837
115.99999999999999       500                      304.66713211382114       0.2244307091627857       0.7755692908371027       -1.0926439852267755      2.2146276556942173
115.99999999999999       509.99999999999994       304.66713211382114       0.1959637433662125       0.8040362566337853       -1.7087200795498314      1.864192559693336
115.99999999999999       519.9999999999999        304.66713211382114       0.1629975914259873       0.837002408574033        -2.3392338305004388      1.5087766067848605
115.99999999999999       530                      304.66713211382114       0.127470989000441        0.8725290109993808       -2.9907355569841636      1.1477876512558527
115.99999999999999       540                      304.66713211382114       0.09207578688988588      0.9079242131100106       2.608591865428457        0.7809825533011254
115.99999999999999       550                      304.66713211382114       0.0601593684554683       0.9398406315446614       1.8703992880312785       0.40864753949287735
115.99999999999999       560                      304.66713211382114       0.03540795637618305      0.9645920436238085       1.0312167585644318       0.03166091460549526
115.99999999999999       570                      304.66713211382114       0.021088014214659858     0.9789119857853555       0.006893669011239023     -0.3485000412628398
115.99999999999999       580                      304.66713211382114       0.019243477285883916     0.9807565227140969       -1.192231989220244       -0.7300358418726699
115.99999999999999       590                      304.66713211382114       0.03016311999547539      0.9698368800044396       -2.280570189026651       -1.1108405151779064
115.99999999999999       600                      304.66713211382114       0.05223654166497317      0.9477634583350024       3.120321990389876        -1.4889100256581722
118                      500                      304.66713211382114       0.2595684563339571       0.7404315436660367       -0.806515431647288       2.4337846934473237
118                      509.99999999999994       304.66713211382114       0.24253412222920953      0.7574658777706759       -1.3912561675941009      2.0951042564402824
118                      519.9999999999999        304.66713211382114       0.21934177391948742      0.7806582260805397       -1.982587283299082       1.7530688007682809
118                      530                      304.66713211382114       0.1907939738067077       0.8092060261932771       -2.581983957362167       1.4071400073487699
118                      540                      304.66713211382114       0.15797594965658354      0.8420240503435247       3.0899947103371805       1.0564060315673274
118                      550                      304.66713211382114       0.1227286825854224       0.877271317414513        2.4618084221668224       0.7002794071677707
118                      560                      304.66713211382114       0.08749913592993497      0.9125008640700989       1.808455204824804        0.3387016462984511
118                      570                      304.66713211382114       0.05541225938901385      0.9445877406110126       1.1118152956176026       -0.02816484657555643
118                      580                      304.66713211382114       0.02987158703454185      0.9701284129653597       0.3271770557398463       -0.3996294021988107
118                      590                      304.66713211382114       0.014044365235434392     0.985955634764521        -0.664474897663059       -0.7743475953288497
118                      600                      304.66713211382114       0.010027106436838656     0.989972893563158        -1.998556535401199       -1.1505643937833336
120                      500                      304.66713211382114       0.2727692740573621       0.7272307259425792       -0.5525008587544523      2.6589994278516302
120                      509.99999999999994       304.66713211382114       0.269211975311694        0.7307880246882876       -1.117647770923679       2.3282461537011088
120                      519.9999999999999        304.66713211382114       0.2594123516755599       0.740587648324582        -1.6839820774787049      1.9965805568840518
120                      530                      304.66713211382114       0.24349984980104986      0.7565001501990378       -2.252977325159111       1.6630345695101643
120                      540                      304.66713211382114       0.22179189563517296      0.7782081043647514       -2.8265036619613233      1.326610915779199
120                      550                      304.66713211382114       0.1948422074075399       0.8051577925924495       2.8776648196957946       0.986694958477514
120                      560                      304.66713211382114       0.1635988395908239       0.8364011604091863       2.290161118711354        0.6422100966599797
120                      570                      304.66713211382114       0.12950329701616825      0.8704967029838304       1.6925714795385027       0.2930013844567035
120                      580                      304.66713211382114       0.09465668719368475      0.905343312806388        1.0800713875509298       -0.061400637416175
120                      590                      304.66713211382114       0.06173450650600052      0.9382654934941591       0.44399281803956137      -0.42095801570050295
120                      600                      304.66713211382114       0.03369751853632932      0.9663024814637236       -0.23588923046517687     -0.7850173717866746
