% Model:              nanoholes_rw_sweep.mph
% Version:            COMSOL 6.0.0.405
% Date:               Apr 8 2024, 12:42
% Table:              Table 1 - Global Evaluation 1
% r (nm)                 h_meta (nm)              freq (THz)               reflection (1)           transmission (1)         reflection_phi (rad)     transmission_phi (rad)
19.999999999999996       1000                     304.66713211382114       0.3058864800670088       0.6941135199330447       2.5527072388078484       1.072491791323245
19.999999999999996       1010                     304.66713211382114       0.30568085460017264      0.6943191453998349       1.6759260075085174       0.6323598380455633
19.999999999999996       1019.9999999999999       304.66713211382114       0.30459886612431875      0.695401133875712        0.7982957339435088       0.19206142717963215
19.999999999999996       1030                     304.66713211382114       0.30284632624037944      0.6971536737595116       -0.0812751228615493      -0.24871599346392476
19.999999999999996       1039.9999999999998       304.66713211382114       0.30076941719906775      0.6992305828008417       -0.9633494558695407      -0.6900551033610498
19.999999999999996       1050                     304.66713211382114       0.2987502491399732       0.7012497508601241       -1.848391770495151       -1.1321025167302146
19.999999999999996       1060                     304.66713211382114       0.2971661574461999       0.7028338425538113       -2.735841597700338       -1.5746794257293082
19.999999999999996       1070                     304.66713211382114       0.2962929347472787       0.7037070652526152       2.658053331105116        -2.017691092092969
19.999999999999996       1080                     304.66713211382114       0.29633566413616846      0.7036643358639337       1.7683000739450718       -2.4607933766790673
19.999999999999996       1090                     304.66713211382114       0.29728988241761467      0.7027101175823848       0.8791921835491535       -2.903764217828934
19.999999999999996       1100                     304.66713211382114       0.29897068952669914      0.7010293104732913       -0.00808498947693861     2.936873067600928
22                       1000                     304.66713211382114       0.30563764311361163      0.6943623568861746       2.6516698306018633       1.1224012701164094
22                       1010                     304.66713211382114       0.3056228393018426       0.6943771606981857       1.7770870780358337       0.6830676271916399
22                       1019.9999999999999       304.66713211382114       0.3045448914231303       0.6954551085768674       0.9017807907413132       0.24356295425103386
22                       1030                     304.66713211382114       0.3026346479871647       0.6973653520127988       0.024467150256685038     -0.1964145439037492
22                       1039.9999999999998       304.66713211382114       0.30022988177327126      0.6997701182266918       -0.855802903368965       -0.6370610612074754
22                       1050                     304.66713211382114       0.2977883435012569       0.7022116564987015       -1.739349105633498       -1.0784937069117708
22                       1060                     304.66713211382114       0.29574467887013334      0.7042553211299395       -2.626036042259242       -1.520641911664369
22                       1070                     304.66713211382114       0.29453706124806167      0.7054629387518809       2.768204389571017        -1.9632822638817593
22                       1080                     304.66713211382114       0.2943461227410803       0.7056538772589794       1.8782048359770864       -2.4061820911155976
22                       1090                     304.66713211382114       0.29525928748041785      0.7047407125197138       0.9887378511851794       -2.848942484534149
22                       1100                     304.66713211382114       0.2970696172587192       0.7029303827416592       0.10117503725210615      2.9918904692364983
24                       1000                     304.66713211382114       0.305294687770009        0.6947053122300525       2.755920222368956        1.175091925112457
24                       1010                     304.66713211382114       0.3055225830580816       0.6944774169417124       1.8835635797478312       0.736563719351186
24                       1019.9999999999999       304.66713211382114       0.30452136281051784      0.6954786371893703       1.010771301935023        0.2979220221912662
24                       1030                     304.66713211382114       0.30250006074125646      0.6974999392583726       0.1359241998939857       -0.14119995356331544
24                       1039.9999999999998       304.66713211382114       0.2998061756230795       0.7001938243769843       -0.7421234390441555      -0.5810569558076504
24                       1050                     304.66713211382114       0.2969478886654901       0.7030521113344659       -1.6239832299758252      -1.0218141236812681
24                       1060                     304.66713211382114       0.2944213087988054       0.7055786912013586       -2.5095441785847825      -1.4634088329504273
24                       1070                     304.66713211382114       0.29275830132906633      0.7072416986710882       2.8851219327012636       -1.905673174656217
24                       1080                     304.66713211382114       0.29225541361176177      0.7077445863881794       1.9950762441523933       -2.348275571852287
24                       1090                     304.66713211382114       0.29301879457796104      0.7069812054220335       1.1051936497014139       -2.7908257973322605
24                       1100                     304.66713211382114       0.2949107262663928       0.7050892737337212       0.2171718873345925       3.050193722966432
25.999999999999996       1000                     304.66713211382114       0.3047983754263543       0.6952016245736887       2.865160245087166        1.2304264250914665
25.999999999999996       1010                     304.66713211382114       0.3053706550297258       0.6946293449700895       1.9951510673064676       0.7927421051838834
25.999999999999996       1019.9999999999999       304.66713211382114       0.3045523771122909       0.6954476228877264       1.1248908662253854       0.3549698235960719
25.999999999999996       1030                     304.66713211382114       0.30247852374016954      0.6975214762590014       0.25272829512067335      -0.08323589914151709
25.999999999999996       1039.9999999999998       304.66713211382114       0.2995184020888604       0.7004815979113499       -0.6228007393708554      -0.5222127652694335
25.999999999999996       1050                     304.66713211382114       0.2962297656916708       0.7037702343082599       -1.5028611770818838      -0.9623232134157644
25.999999999999996       1060                     304.66713211382114       0.2932185445083134       0.7067814554919692       -2.386726838873644       -1.4031549576760867
25.999999999999996       1070                     304.66713211382114       0.2910397474088026       0.708960252591219        3.008612401983204        -1.8449601362628352
25.999999999999996       1080                     304.66713211382114       0.2901180388170619       0.7098819611829003       2.1186529323125547       -2.2872392401919357
25.999999999999996       1090                     304.66713211382114       0.2906518003864341       0.7093481996136075       1.2284240135013615       -2.729550979642258
25.999999999999996       1100                     304.66713211382114       0.292535046703725        0.7074649532961702       0.3398559288627499       3.1116683664782983
28                       1000                     304.66713211382114       0.3041171260096388       0.6958828739904069       2.9792971809634614       1.2883386473949052
28                       1010                     304.66713211382114       0.3051500351042927       0.6948499648956173       2.111474007828397        0.8514739902172355
28                       1019.9999999999999       304.66713211382114       0.30457738637282705      0.695422613627374        1.2439245195367088       0.41464443953761443
28                       1030                     304.66713211382114       0.30254257450989175      0.6974574254900467       0.37464290417876916      -0.02256832386885622
28                       1039.9999999999998       304.66713211382114       0.299419089001336        0.7005809109985117       -0.49809146977730695     -0.4605919828925806
28                       1050                     304.66713211382114       0.29572878593269436      0.7042712140673967       -1.3753935550012721      -0.8996925355328268
28                       1060                     304.66713211382114       0.29217245828050514      0.7078275417196298       -2.257699949294533       -1.3399308292933867
28                       1070                     304.66713211382114       0.2894167412698476       0.7105832587300515       3.1387916456774922       -1.7811441314168406
28                       1080                     304.66713211382114       0.2879584084959648       0.7120415915041273       2.2488726865749205       -2.2231449782129604
28                       1090                     304.66713211382114       0.28816707299924954      0.7118329270009759       1.3585318281607235       -2.6651055904456973
28                       1100                     304.66713211382114       0.28991529746279054      0.7100847025372801       0.4692362442850426       -3.106904895929844
30                       1000                     304.66713211382114       0.303226741223726        0.6967732587760418       3.0982014187293725       1.3488012081713174
30                       1010                     304.66713211382114       0.30477952299742367      0.6952204770021436       2.232421187868666        0.9127089494595102
30                       1019.9999999999999       304.66713211382114       0.3045984698117576       0.6954015301881811       1.3675870420117002       0.4768438565290988
30                       1030                     304.66713211382114       0.3027264098669834       0.6972735901329097       0.5013121110389299       0.04062123654611882
30                       1039.9999999999998       304.66713211382114       0.29947858911053304      0.7005214108892655       -0.36819930366402476     -0.3963370029911363
30                       1050                     304.66713211382114       0.295431989258841        0.704568010741248        -1.2426321896924841      -0.8344365132754158
30                       1060                     304.66713211382114       0.2913342801027562       0.708665719897166        -2.1226577012504078      -1.2738219379326692
30                       1070                     304.66713211382114       0.28793982818352803      0.712060171816109        -3.0079039024434864      -1.7143744365764848
30                       1080                     304.66713211382114       0.2858785433244368       0.7141214566755516       2.386147221605899        -2.1557820932869776
30                       1090                     304.66713211382114       0.28557334193560663      0.7144266580645916       1.495329863972402        -2.597565695724089
30                       1100                     304.66713211382114       0.28710214509312576      0.7128978549068721       0.6054018078351389       -3.039145285718227
31.999999999999996       1000                     304.66713211382114       0.302053046599985        0.6979469534000486       -3.0614237157176905      1.4117283562957976
31.999999999999996       1010                     304.66713211382114       0.3042342959222507       0.69576570407778         2.358025753380002        0.9764491962444319
31.999999999999996       1019.9999999999999       304.66713211382114       0.304541461713852        0.6954585382859804       1.4958201934089852       0.5415327641763841
31.999999999999996       1030                     304.66713211382114       0.30295417667184743      0.6970458233277672       0.6327895823094368       0.10642521783599258
31.999999999999996       1039.9999999999998       304.66713211382114       0.29971114035098934      0.7002888596489812       -0.23336624138666856     -0.3294265398310319
31.999999999999996       1050                     304.66713211382114       0.2953924575137544       0.7046075424861855       -1.1045424998889837      -0.7664558984729433
31.999999999999996       1060                     304.66713211382114       0.2907636811195088       0.7092363188805044       -1.9818128407086664      -1.2048688853786218
31.999999999999996       1070                     304.66713211382114       0.2866802037630881       0.7133197962368071       -2.8651172447360964      -1.6446389589056167
31.999999999999996       1080                     304.66713211382114       0.28389460579563963      0.7161053942042338       2.529910795448573        -2.085491613757298
31.999999999999996       1090                     304.66713211382114       0.2829724741935571       0.717027525806464        1.6391083703210632       -2.526892716139094
31.999999999999996       1100                     304.66713211382114       0.28411919888212217      0.7158808011176717       0.7483795762100434       -2.968288362240384
33.99999999999999        1000                     304.66713211382114       0.30053202212468416      0.6994679778753167       -2.9330476258112985      1.477198526629737
33.99999999999999        1010                     304.66713211382114       0.30345608931820967      0.6965439106816489       2.4881076130895785       1.0426460787004859
33.99999999999999        1019.9999999999999       304.66713211382114       0.30437848550564034      0.6956215144944157       1.628516981908899        0.6087121585057041
33.99999999999999        1030                     304.66713211382114       0.30318944830623223      0.6968105516937845       0.7686815241427635       0.1746798363405166
33.99999999999999        1039.9999999999998       304.66713211382114       0.3000882161746883       0.6999117838253764       -0.09393639266828825     -0.2599932716451177
33.99999999999999        1050                     304.66713211382114       0.2956199860450394       0.7043800139550067       -0.9613906004337223      -0.695808625675932
33.99999999999999        1060                     304.66713211382114       0.29051743076342773      0.709482569236538        -1.8353395359421423      -1.1331210947365398
33.99999999999999        1070                     304.66713211382114       0.28570350163171343      0.7142964983681591       -2.71611254868318        -1.5719711921976824
33.99999999999999        1080                     304.66713211382114       0.28212599041182096      0.7178740095880021       2.6803971560662494       -2.0121098487369236
33.99999999999999        1090                     304.66713211382114       0.280459182919491        0.7195408170807295       1.789937949259667        -2.453057787669303
33.99999999999999        1100                     304.66713211382114       0.28102803121707626      0.7189719687830092       0.898595518675475        -2.8942119442108285
36                       1000                     304.66713211382114       0.29858804775600306      0.7014119522440143       -2.799639892896166       1.545306552018063
36                       1010                     304.66713211382114       0.30232205084270997      0.6976779491574908       2.622833427934081        1.1114132176477252
36                       1019.9999999999999       304.66713211382114       0.30400830668935847      0.6959916933106581       1.765648883783166        0.6783739070815229
36                       1030                     304.66713211382114       0.3033949031313077       0.6966050968686949       0.9090733324246244       0.24546620232517186
36                       1039.9999999999998       304.66713211382114       0.30058511240585556      0.6994148875940913       0.0503368328309645       -0.1879390083712666
36                       1050                     304.66713211382114       0.29606758153008844      0.7039324184699447       -0.8131034891996567      -0.6224667205560924
36                       1060                     304.66713211382114       0.2905676583270048       0.7094323416730908       -1.68346851533985        -1.0586216349052224
36                       1070                     304.66713211382114       0.28508971031703806      0.7149102896830151       -2.5610531313846083      -1.4963815013987283
36                       1080                     304.66713211382114       0.2806331554134455       0.7193668445867143       2.8375516883906973       -1.935676615402884
36                       1090                     304.66713211382114       0.2780709009946206       0.721929099005358        1.9478617476264408       -2.376050118354144
36                       1100                     304.66713211382114       0.27789052245081625      0.7221094775492616       1.056158520325574        -2.8168729276140407
38                       1000                     304.66713211382114       0.29620796238616726      0.7037920376139231       -2.6609752073373083      1.6161092993552106
38                       1010                     304.66713211382114       0.3008240566681208       0.6991759433316861       2.762489080797664        1.1828080206852074
38                       1019.9999999999999       304.66713211382114       0.30339010816047257      0.6966098918395122       1.9073579200918822       0.7506073442388462
38                       1030                     304.66713211382114       0.30351087999194215      0.6964891200080784       1.053850694445741        0.31877134560991194
38                       1039.9999999999998       304.66713211382114       0.30115817747853113      0.698841822521504        0.1989714087841352       -0.11336423966408624
38                       1050                     304.66713211382114       0.29673249854746586      0.7032675014524944       -0.6601575671105914      -0.5465106608486942
38                       1060                     304.66713211382114       0.29098422476328467      0.7090157752366405       -1.526098744160035       -0.9812597711148832
38                       1070                     304.66713211382114       0.28485779312634985      0.7151422068737888       -2.400058515168923       -1.417837342908454
38                       1080                     304.66713211382114       0.27949706699188803      0.7205029330081318       3.001417605678564        -1.856088291083029
38                       1090                     304.66713211382114       0.2759526994012587       0.7240473005993368       2.1130918419274454       -2.295758266849179
38                       1100                     304.66713211382114       0.2748603533144206       0.7251396466855766       1.2215321595941504       -2.7361092951066217
39.99999999999999        1000                     304.66713211382114       0.2933052464604187       0.7066947535395999       -2.516747840705669       1.6897220782918037
39.99999999999999        1010                     304.66713211382114       0.2988464068773551       0.7011535931227242       2.907208677815173        1.2569212280525703
39.99999999999999        1019.9999999999999       304.66713211382114       0.3023780036605191       0.6976219963393518       2.0537141705695974       0.8254644685258051
39.99999999999999        1030                     304.66713211382114       0.3034113615908606       0.696588638409103        1.2031259837431838       0.39470771989152964
39.99999999999999        1039.9999999999998       304.66713211382114       0.30171689436104315      0.6982831056387598       0.3520931634266043       -0.0361569956667212
39.99999999999999        1050                     304.66713211382114       0.2976134207686773       0.7023865792313303       -0.5025110105649152      -0.4678694095660038
39.99999999999999        1060                     304.66713211382114       0.29174311094505423      0.708256889054889        -1.3636352435751118      -0.9011238850154416
39.99999999999999        1070                     304.66713211382114       0.28509751028045155      0.7149024897194369       -2.2330846987706803      -1.3362765640948568
39.99999999999999        1080                     304.66713211382114       0.2788644030608679       0.7211355969393972       -3.1113688156413724      -1.7734008569640598
39.99999999999999        1090                     304.66713211382114       0.2741854528008124       0.725814547199267        2.285771032703134        -2.2121461699864504
39.99999999999999        1100                     304.66713211382114       0.27201961581046463      0.727980384189487        1.3946829400210288       -2.65195379978985
42                       1000                     304.66713211382114       0.2898175470244725       0.7101824529755714       -2.3664037487084446      1.7663507434978514
42                       1010                     304.66713211382114       0.2962875956368348       0.7037124043630603       3.0573226277099503       1.333869282481596
42                       1019.9999999999999       304.66713211382114       0.3009413061264105       0.699058693873612        2.205114065568459        0.9030876602541272
42                       1030                     304.66713211382114       0.3029965321320039       0.6970034678678514       1.3569611675300761       0.47328165253166327
42                       1039.9999999999998       304.66713211382114       0.30219565094746337      0.6978043490525112       0.5096666093815273       0.04370049069602843
42                       1050                     304.66713211382114       0.2986186577898496       0.7013813422102342       -0.3403034633895964      -0.38654711235007116
42                       1060                     304.66713211382114       0.29283352776581983      0.7071664722340756       -1.1962778027113947      -0.8182044699950363
42                       1070                     304.66713211382114       0.28581559424738096      0.714184405752038        -2.060655594015799       -1.2518131146588056
42                       1080                     304.66713211382114       0.27874366971715353      0.7212563302829285       -2.9344897837043655      -1.687537100128748
42                       1090                     304.66713211382114       0.2729311334090748       0.7270688665907488       2.4656997387144544       -2.1252044478539798
42                       1100                     304.66713211382114       0.26948175472934405      0.7305182452706855       1.5760064057624317       -2.564263046111484
44                       1000                     304.66713211382114       0.28566182609351687      0.7143381739064286       -2.2094942362767975      1.8461176709526563
44                       1010                     304.66713211382114       0.29308615584972003      0.7069138441508781       -3.06968644404306        1.4139118868498308
44                       1019.9999999999999       304.66713211382114       0.29886995096535046      0.7011300490345778       2.3617527557867777       0.9836142443253454
44                       1030                     304.66713211382114       0.3021730168664721       0.6978269831337464       1.5157548093036854       0.5547148944214224
44                       1039.9999999999998       304.66713211382114       0.3024365520771995       0.6975634479227525       0.6718531332547562       0.12631802574866327
44                       1050                     304.66713211382114       0.299652443645147        0.7003475563548891       -0.17357189470918613     -0.3024501214448451
44                       1060                     304.66713211382114       0.29422680719154104      0.7057731928086657       -1.0239835478660495      -0.7324003973994213
44                       1070                     304.66713211382114       0.2870060512109905       0.7129939487889114       -1.8826999668687068      -1.1643087270531012
44                       1080                     304.66713211382114       0.27924067571940914      0.7207593242805549       -2.751331202504214       -1.5984414513911769
44                       1090                     304.66713211382114       0.2722895940953201       0.7277104059051478       2.653070091549709        -2.0347403731135447
44                       1100                     304.66713211382114       0.26743165976549826      0.7325683402343325       1.76566915394424         -2.472865755856159
45.99999999999999        1000                     304.66713211382114       0.2808590300470342       0.719140969952955        -2.0450757566722633      1.9293967861242138
45.99999999999999        1010                     304.66713211382114       0.289101948601001        0.7108980513996533       -2.907013883110691       1.4971884019526818
45.99999999999999        1019.9999999999999       304.66713211382114       0.29611655227188133      0.7038834477281213       2.524199825393537        1.0672525518277836
45.99999999999999        1030                     304.66713211382114       0.3007583183889717       0.6992416816111697       1.6796518543278056       0.6390972093511085
45.99999999999999        1039.9999999999998       304.66713211382114       0.30231476250459144      0.6976852374955318       0.838784020719794        0.2118316424607048
45.99999999999999        1050                     304.66713211382114       0.3005719241631276       0.6994280758361794       -0.0021526469403245585   -0.21545380732498587
45.99999999999999        1060                     304.66713211382114       0.29577143376107284      0.704228566239069        -0.8470491327655242      -0.6436886790427941
45.99999999999999        1070                     304.66713211382114       0.28866386535583943      0.7113361346442382       -1.6995251475820488      -1.0737295836908833
45.99999999999999        1080                     304.66713211382114       0.28039521144303575      0.7196047885572802       -2.5620348238812176      -1.5060615006441027
45.99999999999999        1090                     304.66713211382114       0.27237203616528416      0.7276279638347101       2.8475215396046822       -1.9408128674522758
45.99999999999999        1100                     304.66713211382114       0.26606861007828797      0.7339313899214419       1.963597571260508        -2.3777290471100243
48                       1000                     304.66713211382114       0.27535600365432283      0.7246439963463249       -1.872546813445595       2.016289741460136
48                       1010                     304.66713211382114       0.2843551278651063       0.7156448721347888       -2.7370051365919217      1.583984983229313
48                       1019.9999999999999       304.66713211382114       0.29252563918916985      0.7074743608121051       2.693229228844184        1.1542815196985292
48                       1030                     304.66713211382114       0.2986009775295577       0.7013990224704129       1.84911660969362         0.7266083985323234
48                       1039.9999999999998       304.66713211382114       0.3016673938292775       0.6983326061708413       1.010713143578118        0.30034813789427606
48                       1050                     304.66713211382114       0.3012382046728147       0.6987617953269568       0.1737905758316921       -0.12554797302641355
48                       1060                     304.66713211382114       0.29739353286033415      0.7026064671397021       -0.6656195240693614      -0.5520810843167803
48                       1070                     304.66713211382114       0.2906920867489732       0.7093079132508948       -1.5115145440618978      -0.9801507321068796
48                       1080                     304.66713211382114       0.28219819558347253      0.7178018044164487       -2.3672050257216637      -1.4105057075070855
48                       1090                     304.66713211382114       0.27325555839568694      0.7267444416042104       3.04869971747505         -1.8434045117677307
48                       1100                     304.66713211382114       0.26552233638276396      0.7344776636173076       2.169815689813259        -2.2787716304312933
50                       1000                     304.66713211382114       0.26922960979533755      0.7307703902047241       -1.6903597171915261      2.1073935785474847
50                       1010                     304.66713211382114       0.27869427750110093      0.7213057224988849       -2.55819898255867        1.6748627685511388
50                       1019.9999999999999       304.66713211382114       0.28796792191135545      0.7120320780887702       2.8698485784779604       1.2451122952175901
50                       1030                     304.66713211382114       0.29555073290603556      0.704449267093989        2.025425636923482        0.8178236307917092
50                       1039.9999999999998       304.66713211382114       0.3002546114821525       0.6997453885177125       1.1885106877794613       0.39232929030905583
50                       1050                     304.66713211382114       0.30141350503200076      0.6985864949679998       0.3552161105023251       -0.03229210893230257
50                       1060                     304.66713211382114       0.29885875626263514      0.7011412437375568       -0.4790218228652603      -0.4571359263724153
50                       1070                     304.66713211382114       0.29293822250247903      0.7070617774974126       -1.3183715265227534      -0.8832449564043381
50                       1080                     304.66713211382114       0.2845396496642388       0.715460350335823        -2.1665518811784614      -1.3114246829887874
50                       1090                     304.66713211382114       0.2750317274124831       0.7249682725874286       -3.026429015015948       -1.7422116915691097
50                       1100                     304.66713211382114       0.265957246700777        0.7340427532991617       2.3841343144494287       -2.1757500903111597
51.99999999999999        1000                     304.66713211382114       0.2625804280422267       0.7374195719575403       -1.4982182702285582      2.2026290336096217
51.99999999999999        1010                     304.66713211382114       0.272192596046773        0.7278074039533498       -2.370350187880404       1.7697221238425043
51.99999999999999        1019.9999999999999       304.66713211382114       0.2823648612806599       0.7176351387192119       3.054363977054151        1.3397241207885109
51.99999999999999        1030                     304.66713211382114       0.29141282306581384      0.7085871769340892       2.2083691384158675       0.9125200853077101
51.99999999999999        1039.9999999999998       304.66713211382114       0.29791112393411817      0.7020888760660325       1.3720144964563017       0.48758696094852894
51.99999999999999        1050                     304.66713211382114       0.30091450564390765      0.6990854943563276       0.5413196676188857       0.06401192859247277
51.99999999999999        1060                     304.66713211382114       0.2999639175694825       0.7000360824305173       -0.28817964759196874     -0.3592447508746481
51.99999999999999        1070                     304.66713211382114       0.2952274827457447       0.7047725172541883       -1.1209838141852335      -0.7833311535413294
51.99999999999999        1080                     304.66713211382114       0.2873718269957466       0.7126281730043784       -1.9614058461917756      -1.2092426138940402
51.99999999999999        1090                     304.66713211382114       0.27763551483151905      0.7223644851685193       -2.813017816410208       -1.6377180718506905
51.99999999999999        1100                     304.66713211382114       0.26748072381949595      0.7325192761846646       2.60531614494236         -2.0690898127494464
53.99999999999999        1000                     304.66713211382114       0.25557630776894047      0.7444236922310714       -1.294677071093725       2.3024688804561477
53.99999999999999        1010                     304.66713211382114       0.26489104361627186      0.7351089563838522       -2.1719182813192095      1.8691050214170908
53.99999999999999        1019.9999999999999       304.66713211382114       0.2756669531204516       0.7243330468801797       -3.0347773318689493      1.438677794943555
53.99999999999999        1030                     304.66713211382114       0.28606934033826853      0.7139306596618352       2.3995754361901565       1.011341532799286
53.99999999999999        1039.9999999999998       304.66713211382114       0.2943820708011143       0.7056179291988043       1.5624505118153984       0.5866531290785512
53.99999999999999        1050                     304.66713211382114       0.29942874746965625      0.7005712525302961       0.7333229725236297       0.1639210476365706
53.99999999999999        1060                     304.66713211382114       0.3004350506282913       0.6995649493716867       -0.09218314045547597     -0.25793633880179784
53.99999999999999        1070                     304.66713211382114       0.29731310738532046      0.7026868926147265       -0.9189674048732139      -0.6801219273050965
53.99999999999999        1080                     304.66713211382114       0.29049943928503535      0.7095005607150396       -1.7515896189776758      -1.103729435667762
53.99999999999999        1090                     304.66713211382114       0.28093456860917265      0.7190654313907853       -2.594275289803229       -1.5296788929816316
53.99999999999999        1100                     304.66713211382114       0.27010992938328066      0.7298900706167512       2.833099752855059        -1.9585739143242584
56                       1000                     304.66713211382114       0.24845248189678815      0.7515475181032657       -1.0783804091130287      2.407275588378022
56                       1010                     304.66713211382114       0.25693530863340647      0.7430646913667063       -1.9612049576362784      1.9734278044364817
56                       1019.9999999999999       304.66713211382114       0.26790707699397626      0.7320929230062054       -2.8297331774009953      1.5424071079675765
56                       1030                     304.66713211382114       0.2793915086865835       0.7206084913133056       2.600178002213622        1.1146033029213154
56                       1039.9999999999998       304.66713211382114       0.2894621552504931       0.7105378447495161       1.760823621423736        0.6898935458648832
56                       1050                     304.66713211382114       0.2966666768710069       0.7033333231290333       0.9319609012507163       0.26767643941625113
56                       1060                     304.66713211382114       0.29992426425680335      0.7000757357432794       0.10915748595619092      -0.15308553009997805
56                       1070                     304.66713211382114       0.2988631680091606       0.7011368319907915       -0.7123245201657612      -0.5735075140627263
56                       1080                     304.66713211382114       0.29356618169074017      0.7064338183088851       -1.5373898752914688      -0.9948205173429668
56                       1090                     304.66713211382114       0.2847956651997469       0.7152043348004333       -2.3709268352939064      -1.4181610806373401
56                       1100                     304.66713211382114       0.27378916764887173      0.7262108323509237       3.06638608203761         -1.8443552344973468
57.99999999999999        1000                     304.66713211382114       0.241629665474377        0.7583703345257488       -0.8483416168959073      2.5173243577331204
57.99999999999999        1010                     304.66713211382114       0.24861069457145027      0.7513893054284393       -1.7368509365678242      2.0831109391433937
57.99999999999999        1019.9999999999999       304.66713211382114       0.259166534304419        0.7408334656954214       -2.612046791449105       1.6513856321283362
57.99999999999999        1030                     304.66713211382114       0.2713105634387142       0.7286894365613219       2.812029070688803        1.2229144078735923
57.99999999999999        1039.9999999999998       304.66713211382114       0.28297814661289905      0.7170218533870726       1.9686472226092693       0.7978216211950209
57.99999999999999        1050                     304.66713211382114       0.2923894703548596       0.7076105296451191       1.1383574462042403       0.3757297172932968
57.99999999999999        1060                     304.66713211382114       0.2981208663564425       0.7018791336437621       0.3169404704229944       -0.044234175642366313
57.99999999999999        1070                     304.66713211382114       0.2994672192814159       0.7005327807186671       -0.5003488624197706      -0.46316238991367087
57.99999999999999        1080                     304.66713211382114       0.2962464196179232       0.7037535803823557       -1.3187364440079807      -0.8823797583788937
57.99999999999999        1090                     304.66713211382114       0.28887116457516915      0.7111288354248958       -2.143345542170241       -1.3031066534432536
57.99999999999999        1100                     304.66713211382114       0.2783307636149686       0.7216692363850788       -2.9784904210419074      -1.7263287757455736
60                       1000                     304.66713211382114       0.23555337546006785      0.7644466245397941       -0.6036761938597318      2.6328952097575473
60                       1010                     304.66713211382114       0.24030172048033102      0.7596982795198646       -1.4972405197299918      2.198505777332432
60                       1019.9999999999999       304.66713211382114       0.2496821605001346       0.7503178394997938       -2.379683509907975       1.7660944348265266
60                       1030                     304.66713211382114       0.26192047257527695      0.7380795274246434       3.0369371265375174       1.3367427115479644
60                       1039.9999999999998       304.66713211382114       0.27480455939596343      0.7251954406037744       2.1877161546403343       0.9109306841502828
60                       1050                     304.66713211382114       0.286261834632625        0.713738165367532        1.353965450751006        0.4885619496692847
60                       1060                     304.66713211382114       0.2946121444224907       0.7053878555774353       0.5321103933125799       0.06897907701963382
60                       1070                     304.66713211382114       0.2987176044292005       0.7012823955707919       -0.28257014598513946     -0.34884607461037415
60                       1080                     304.66713211382114       0.29805145961424795      0.7019485403855159       -1.0954474051812924      -0.7662411020719334
60                       1090                     304.66713211382114       0.29272181997199903      0.7072781800281019       -1.9115350902215336      -1.1844124903999362
60                       1100                     304.66713211382114       0.28338913615778366      0.7166108638423928       -2.736199881065195       -1.6046671448217291
61.99999999999999        1000                     304.66713211382114       0.2308278760379115       0.7691721239619749       -0.34398016468475734     2.754167513439456
61.99999999999999        1010                     304.66713211382114       0.23255163167273163      0.7674483683274695       -1.2410112436460439      2.3199356948071714
61.99999999999999        1019.9999999999999       304.66713211382114       0.239888467077183        0.7601115329229979       -2.1307282832231356      1.8869872717229401
61.99999999999999        1030                     304.66713211382114       0.2514013746304083       0.748598625369922        -3.005903462588094       1.4566467870926691
61.99999999999999        1039.9999999999998       304.66713211382114       0.2649075615844591       0.7350924384154973       2.420171731685663        1.0298574898858301
61.99999999999999        1050                     304.66713211382114       0.2781344208485251       0.7218655791519649       1.5807971087523087       0.6067734466125154
61.99999999999999        1060                     304.66713211382114       0.28903872528794966      0.7109612747119842       0.7562764131947626       0.18706899187364356
61.99999999999999        1070                     304.66713211382114       0.29612414051961267      0.7038758594804713       -0.05781031558161197     -0.23012096494938789
61.99999999999999        1080                     304.66713211382114       0.29848599887181404      0.701514001128169        -0.8666533307316281      -0.6460323696506779
61.99999999999999        1090                     304.66713211382114       0.29582144278097644      0.7041785572189979       -1.6756796863186532      -1.0619546035626293
61.99999999999999        1100                     304.66713211382114       0.28846304236623094      0.7115369576339253       -2.4902086003503054      -1.4792601921853272
63.99999999999999        1000                     304.66713211382114       0.22808737462558723      0.7719126253745322       -0.06969966092421499     2.8812302981905975
63.99999999999999        1010                     304.66713211382114       0.22612278400406433      0.773877215995818        -0.9673906861970158      2.447739828630614
63.99999999999999        1019.9999999999999       304.66713211382114       0.230455990835736        0.7695440091651474       -1.863150030413456       2.0145437027197057
63.99999999999999        1030                     304.66713211382114       0.24020291208819125      0.7597970879117513       -2.7474335691489142      1.583327978183352
63.99999999999999        1039.9999999999998       304.66713211382114       0.253466341678019        0.746533658322037        2.6689344437962736       1.155312268772929
63.99999999999999        1050                     304.66713211382114       0.26787875441101733      0.7321212455888674       1.8214092556004562       0.7311326538802073
63.99999999999999        1060                     304.66713211382114       0.28108070925863404      0.7189192907414083       0.9916244718733254       0.31078936158094644
63.99999999999999        1070                     304.66713211382114       0.2912221556657441       0.7087778443344253       0.17560070743033185      -0.10638912812587298
63.99999999999999        1080                     304.66713211382114       0.2969235644869107       0.7030764355129457       -0.63135463179502        -0.5213220995725427
63.99999999999999        1090                     304.66713211382114       0.29751949607404066      0.7024805039267752       -1.434941333418812       -0.9354018557024578
63.99999999999999        1100                     304.66713211382114       0.292906395759335        0.7070936042406988       -2.2406953778907654      -1.3500755081753437
66                       1000                     304.66713211382114       0.22793055919516012      0.7720694408048799       0.21761320755011054      3.0140138822704685
66                       1010                     304.66713211382114       0.22179827051172749      0.7782017294884243       -0.6764892592404225      2.5819805993031304
66                       1019.9999999999999       304.66713211382114       0.22217391208015036      0.7778260879199395       -1.5753900972227612      2.1491529700815826
66                       1030                     304.66713211382114       0.22898615834260533      0.7710138416574459       -2.468255340037138       1.7173338532145883
66                       1039.9999999999998       304.66713211382114       0.2408716991469735       0.7591283008529562       2.93718626877863         1.2880968355255416
66                       1050                     304.66713211382114       0.25556829093500144      0.7444317090652535       2.0790323771529065       0.8624963840806451
66                       1060                     304.66713211382114       0.270571146263852        0.7294288537360809       1.2410125656442723       0.4409650626349146
66                       1070                     304.66713211382114       0.2835661601344086       0.716433839865787        0.42028544547022706      0.023254339477285262
66                       1080                     304.66713211382114       0.2927787247657038       0.7072212752341664       -0.3876514018311029      -0.3914312346414845
66                       1090                     304.66713211382114       0.2970734983252803       0.7029265016746562       -1.1881903695632292      -0.8042428040952533
66                       1100                     304.66713211382114       0.29594631731129417      0.704053682688757        -1.9869782434867969      -1.2166324140379254
67.99999999999999        1000                     304.66713211382114       0.23077053347840837      0.7692294665214949       0.5151352234580239       -3.1310219445152927
67.99999999999999        1010                     304.66713211382114       0.22039237503754278      0.7796076249624635       -0.37013162931155946     2.722503806457039
67.99999999999999        1019.9999999999999       304.66713211382114       0.21612380424071742      0.7838761957593907       -1.2676319721366964      2.2908277182428667
67.99999999999999        1030                     304.66713211382114       0.21882241464887617      0.7811775853509679       -2.1665544324605994      1.8589254719163686
67.99999999999999        1039.9999999999998       304.66713211382114       0.22793580080820347      0.772064199191993        -3.0553166501070343      1.4286983173023136
67.99999999999999        1050                     304.66713211382114       0.24167940422653464      0.758320595773664        2.3571279364571622       1.0015293421487539
67.99999999999999        1060                     304.66713211382114       0.2575241886556474       0.74247581134418         1.507823109506941        0.5784077751536428
67.99999999999999        1070                     304.66713211382114       0.27285756123003957      0.7271424387698513       0.6788312046557451       0.15945326417231556
67.99999999999999        1080                     304.66713211382114       0.28547973342399807      0.7145202665758569       -0.13322902945646015     -0.2556444824584715
67.99999999999999        1090                     304.66713211382114       0.29375246430694624      0.7062475356931375       -0.9338056379241065      -0.6679616078352159
67.99999999999999        1100                     304.66713211382114       0.2966896879275752       0.7033103120722353       -1.7282497125975531      -1.0787559455087787
70                       1000                     304.66713211382114       0.23678476655406036      0.7632152334459074       0.819572321720755        -2.9878311374491915
70                       1010                     304.66713211382114       0.2225674997517171       0.7774325002483256       -0.051411579535579205    2.869036493381136
70                       1019.9999999999999       304.66713211382114       0.21336751445200863      0.7866324855479536       -0.9412304778975064      2.439544520996917
70                       1030                     304.66713211382114       0.2109370693441494       0.7890629306559512       -1.8412669547830258      2.0084512590181314
70                       1039.9999999999998       304.66713211382114       0.21580115615435091      0.7841988438458984       -2.7389766595095426      1.5777839159305618
70                       1050                     304.66713211382114       0.22698198786872417      0.7730180121309832       2.660083646881524        1.14921083277382
70                       1060                     304.66713211382114       0.2423001738327925       0.7576998261673258       1.7966355197367736       0.7242229169998357
70                       1070                     304.66713211382114       0.2590451675533992       0.7409548324465215       0.9558159479503424       0.30352553152054557
70                       1080                     304.66713211382114       0.2746108051971256       0.7253891948028346       0.13555502516315726      -0.11284723078840922
70                       1090                     304.66713211382114       0.2868735350600908       0.7131264649397783       -0.6686013956263088      -0.5254794302224131
70                       1100                     304.66713211382114       0.29421774182372795      0.7057822581764925       -1.462054959134606       -0.9355048050401504
72                       1000                     304.66713211382114       0.24570481149126916      0.7542951885086677       1.1274117867035673       -2.8400228079990764
72                       1010                     304.66713211382114       0.2286538743486216       0.7713461256514381       0.2753979536133891       3.0211296162758745
72                       1019.9999999999999       304.66713211382114       0.21478829586341394      0.7852117041362783       -0.6000703008656179      2.594952500003904
72                       1030                     304.66713211382114       0.20672764436743554      0.7932723556326784       -1.4937893407726321      2.1658624225482765
72                       1039.9999999999998       304.66713211382114       0.2060358773552246       0.7939641226448724       -2.3953539477763823      1.7356109876399808
72                       1050                     304.66713211382114       0.21286426953692572      0.7871357304632302       2.991845608188829        1.3061931812299425
72                       1060                     304.66713211382114       0.22584785354924214      0.774152146450747        2.1125638053046725       0.8794088009404128
72                       1070                     304.66713211382114       0.2425126570639141       0.7574873429363043       1.2562510089511687       0.45659925281368835
72                       1080                     304.66713211382114       0.26004268286816207      0.7399573171319543       0.4234322947226902       0.038269460950863234
72                       1090                     304.66713211382114       0.2758059187486306       0.7241940812517611       -0.38879618934796023     -0.3756191283809537
72                       1100                     304.66713211382114       0.2876567596004237       0.7123432403994474       -1.1855454600761888      -0.7858916703237407
73.99999999999999        1000                     304.66713211382114       0.2568177058700638       0.7431822941299868       1.4352237773394103       -2.6881683886668855
73.99999999999999        1010                     304.66713211382114       0.23841142152586572      0.7615885784743177       0.605168384596396        -3.105110440077941
73.99999999999999        1019.9999999999999       304.66713211382114       0.22097734537091454      0.7790226546288731       -0.2496782383727833      2.7563928577218957
73.99999999999999        1030                     304.66713211382114       0.20743489214109767      0.7925651078588783       -1.1287844415660577      2.330642013408057
73.99999999999999        1039.9999999999998       304.66713211382114       0.2003539770823662       0.7996460229176621       -2.0256274598363193      1.9021950139450359
73.99999999999999        1050                     304.66713211382114       0.20117025668344152      0.7988297433163148       -2.9281685218990403      1.472913629884717
73.99999999999999        1060                     304.66713211382114       0.2096801541423673       0.7903198458577182       2.4610095976915676       1.0449010705413329
73.99999999999999        1070                     304.66713211382114       0.2242080859004868       0.7757919140995273       1.5863917773032432       0.6198658615933782
73.99999999999999        1080                     304.66713211382114       0.24206363699184694      0.7579363630083554       0.7364739589085568       0.1990642364781775
73.99999999999999        1090                     304.66713211382114       0.26029218110252933      0.7397078188981802       -0.08899373800026499     -0.2169248516920304
73.99999999999999        1100                     304.66713211382114       0.27625522006818426      0.7237447799316991       -0.893917411486091       -0.6285137767200651
76                       1000                     304.66713211382114       0.2687722726489901       0.7312277273509842       1.7412541306288813       -2.5324778870093687
76                       1010                     304.66713211382114       0.2509595353340624       0.749040464666043        0.9338466722069229       -2.9439102652022258
76                       1019.9999999999999       304.66713211382114       0.23165762810655163      0.7683423718934234       0.10328077610280176      2.923028084181982
76                       1030                     304.66713211382114       0.2137713451250393       0.7862286548748509       -0.7534363837488435      2.502019000714057
76                       1039.9999999999998       304.66713211382114       0.20045766965984063      0.7995423303400184       -1.6352645389080136      2.076916118721093
76                       1050                     304.66713211382114       0.19411722995613936      0.8058827700439218       -2.5344904620132014      1.649319053087033
76                       1060                     304.66713211382114       0.19610267395069822      0.8038973260494207       2.845423063961516        1.221133511493148
76                       1070                     304.66713211382114       0.2059885868953975       0.7940114131046483       1.9529122903431342       0.7944318517006398
76                       1080                     304.66713211382114       0.2218015006021392       0.7781984993977666       1.0824200006389966       0.3711090847561218
76                       1090                     304.66713211382114       0.24072903262324594      0.7592709673765287       0.23812028677125893      -0.047699054237942365
76                       1100                     304.66713211382114       0.2596624355884816       0.7403375644114355       -0.5809422969611622      -0.46162109195223705
78                       1000                     304.66713211382114       0.2799641413063342       0.7200358586938024       2.04447522025451         -2.373190632062352
78                       1010                     304.66713211382114       0.26473719835077336      0.7352628016492483       1.258378219614042        -2.779013822236948
78                       1019.9999999999999       304.66713211382114       0.24580809621085525      0.7541919037891837       0.4532770405717747       3.094009743537488
78                       1030                     304.66713211382114       0.22564290202177262      0.7743570979782435       -0.37631647641965943     2.678854428004789
78                       1039.9999999999998       304.66713211382114       0.2072601950106847       0.7927398049893312       -1.2335968484361273      2.25875783833628
78                       1050                     304.66713211382114       0.19381653335083043      0.8061834666491103       -2.116948729186196       1.8346351690577734
78                       1060                     304.66713211382114       0.18788284154677845      0.8121171584532109       -3.018177329681636       1.4079538018714182
78                       1070                     304.66713211382114       0.19061909977653366      0.8093809002235418       2.3607373163605025       0.9809110316116726
78                       1080                     304.66713211382114       0.2014811494248964       0.7985188505751436       1.469260982446708        0.5555705087938433
78                       1090                     304.66713211382114       0.2183487799754697       0.7816512200247062       0.6017298177237335       0.13381447840280053
78                       1100                     304.66713211382114       0.23824563206151456      0.7617543679384711       -0.2380622793271574      -0.28323183409270725
79.99999999999999        1000                     304.66713211382114       0.28834171447723944      0.7116582855228712       2.3460671367534114       -2.209900559981923
79.99999999999999        1010                     304.66713211382114       0.27765331450173675      0.7223466854983176       1.5781991401055169       -2.6105307479751945
79.99999999999999        1019.9999999999999       304.66713211382114       0.26150241773204147      0.7384975822679433       0.7966438755590736       -3.0146269048704526
79.99999999999999        1030                     304.66713211382114       0.24161745105980514      0.758382548940297        -0.004723771082055621    2.860019635968024
79.99999999999999        1039.9999999999998       304.66713211382114       0.22058747818394814      0.7794125218159298       -0.8318259040697685      2.4462601017481247
79.99999999999999        1050                     304.66713211382114       0.2014795981927357       0.7985204018070537       -1.6879171913692317      2.0274553713938714
79.99999999999999        1060                     304.66713211382114       0.18758264642875963      0.8124173535713121       -2.571574009149331       1.6045265042186256
79.99999999999999        1070                     304.66713211382114       0.18151493264149704      0.8184850673583498       2.8090611638344183       1.1790111448526994
79.99999999999999        1080                     304.66713211382114       0.18448883463355148      0.8155111653665227       1.9035953896780673       0.7531073800025356
79.99999999999999        1090                     304.66713211382114       0.19591836173892593      0.8040816382611886       1.011850708019884        0.3290508134998853
79.99999999999999        1100                     304.66713211382114       0.21358852806678627      0.7864114719333356       0.1457391650143871       -0.09133128033318108
82                       1000                     304.66713211382114       0.2917622261339807       0.7082377738656646       2.649076171815938        -2.0415984179882574
82                       1010                     304.66713211382114       0.287298751497751        0.7127012485022904       1.8946639103320368       -2.4381038505181807
82                       1019.9999999999999       304.66713211382114       0.2761500165768472       0.7238499834229164       1.1328482614189805       -2.8366152121951864
82                       1030                     304.66713211382114       0.259358141007771        0.7406418589922872       0.3573396701007805       3.0446674163485845
82                       1039.9999999999998       304.66713211382114       0.2387564181081649       0.7612435818918687       -0.4387245809753834      2.6380631013490987
82                       1050                     304.66713211382114       0.21679757532523508      0.7832024246747071       -1.260963358911387       2.226222635455348
82                       1060                     304.66713211382114       0.19670426879619277      0.8032957312038013       -2.1136803394033827      1.8091456460071107
82                       1070                     304.66713211382114       0.18185897874853796      0.8181410212515082       -2.9959815001835         1.3876686466808412
82                       1080                     304.66713211382114       0.17503088196234992      0.8249691180375027       2.384253284396068        0.9635540074392979
82                       1090                     304.66713211382114       0.17762167763734912      0.8223783223625388       1.4767259938628852       0.5388315859124535
82                       1100                     304.66713211382114       0.18906004344843605      0.8109399565515167       0.583285110718556        0.1158825092544453
84                       1000                     304.66713211382114       0.28811194094508835      0.7118880590549097       2.9584531291586935       -1.8666753246560912
84                       1010                     304.66713211382114       0.2910334800331705       0.7089665199668866       2.2113324642818566       -2.260665172301742
84                       1019.9999999999999       304.66713211382114       0.2867594623728494       0.7132405376271672       1.4637292440386587       -2.6547881124455937
84                       1030                     304.66713211382114       0.27563079573521143      0.7243692042648978       0.7090909627693668       -3.0507898352879277
84                       1039.9999999999998       304.66713211382114       0.2586059768024481       0.741394023197537        -0.059131227291121045    2.8329407874440093
84                       1050                     304.66713211382114       0.23741276207718676      0.7625872379230305       -0.8475672703376366      2.4288194846587756
84                       1060                     304.66713211382114       0.21453133989457635      0.785468660105632        -1.6626679621049396      2.019359396103229
84                       1070                     304.66713211382114       0.19317343269285098      0.8068265673071496       -2.5093871961210525      1.6044039029032526
84                       1080                     304.66713211382114       0.17684788148694527      0.8231521185130022       2.895418329742535        1.1848872417482037
84                       1090                     304.66713211382114       0.16857683362868983      0.8314231663712567       1.9929302829107625       0.7623121221973994
84                       1100                     304.66713211382114       0.1699774072880399       0.8300225927117286       1.083170341205409        0.3388658860322886
85.99999999999999        1000                     304.66713211382114       0.2754704262553255       0.7245295737447436       -3.0014064493690324      -1.682626734641947
85.99999999999999        1010                     304.66713211382114       0.2864197001143105       0.7135802998857549       2.53483447318778         -2.075983725311416
85.99999999999999        1019.9999999999999       304.66713211382114       0.2902763546268692       0.7097236453740955       1.794372148774685        -2.4675844238161218
85.99999999999999        1030                     304.66713211382114       0.28679425564219807      0.7132057443577794       1.053965948887015        -2.8591917697268125
85.99999999999999        1039.9999999999998       304.66713211382114       0.2762110748261355       0.7237889251738597       0.3075029118179594       3.0307695986815486
85.99999999999999        1050                     304.66713211382114       0.25940879778459736      0.7405912022153847       -0.4515897323934434      2.6342814008985975
85.99999999999999        1060                     304.66713211382114       0.23796677486013032      0.762033225139913        -1.2304810056459574      2.2330876092522285
85.99999999999999        1070                     304.66713211382114       0.21423965155316504      0.7857603484468698       -2.0356035115433917      1.8265307380617448
85.99999999999999        1080                     304.66713211382114       0.19140310331487637      0.8085968966852728       -2.87286146927237        1.414333890467611
85.99999999999999        1090                     304.66713211382114       0.17306776333218635      0.8269322366676306       2.5389089191736565       0.997159082012968
85.99999999999999        1100                     304.66713211382114       0.16252118771617258      0.8374788122837582       1.6392207752231107       0.5765080264591479
88                       1000                     304.66713211382114       0.25258803689165643      0.7474119631081936       -2.6524041836804537      -1.485961897876079
88                       1010                     304.66713211382114       0.2712371281275063       0.728762871872516        2.874518465840381        -1.8810613468657225
88                       1019.9999999999999       304.66713211382114       0.28380172133457277      0.7161982786653804       2.1325769305760307       -2.2725123127383045
88                       1030                     304.66713211382114       0.289260143220406        0.7107398567797927       1.3983826588310042       -2.66181477837925
88                       1039.9999999999998       304.66713211382114       0.2872412211991811       0.7127587788007554       0.6656227418195625       -3.05071440577636
88                       1050                     304.66713211382114       0.2778952485263066       0.7221047514736453       -0.07182899322416121     2.842245656810283
88                       1060                     304.66713211382114       0.2619072329903071       0.7380927670096786       -0.8204935378860303      2.449085698972834
88                       1070                     304.66713211382114       0.24064948877792874      0.7593505112220837       -1.58745256064912        2.0514518911058057
88                       1080                     304.66713211382114       0.21632801612800054      0.7836719838721732       -2.3794441247571942      1.6484499856183403
88                       1090                     304.66713211382114       0.1919846150757997       0.808015384924192        3.079782783853674        1.239691055265131
88                       1100                     304.66713211382114       0.1711511075161768       0.8288488924839094       2.2197206474530042       0.8255105540637854
90                       1000                     304.66713211382114       0.2196947066020155       0.780305293398517        -2.260941691747714       -1.2726983303330477
90                       1010                     304.66713211382114       0.2443058649849617       0.7556941350150018       -3.0386312210768955      -1.6717741479373032
90                       1019.9999999999999       304.66713211382114       0.2649435429133654       0.7350564570865554       2.490377548564022        -2.0656246298651193
90                       1030                     304.66713211382114       0.2797721661565006       0.7202278338437815       1.7525090100958098       -2.4553528972243965
90                       1039.9999999999998       304.66713211382114       0.2875440732176728       0.7124559267823553       1.0241611748385704       -2.842469845758314
90                       1050                     304.66713211382114       0.28780003567597146      0.7121999643239237       0.2991164328861873       3.0545396878484437
90                       1060                     304.66713211382114       0.28044445226288645      0.7195555477369516       -0.42865197881599015     2.6675962855248523
90                       1070                     304.66713211382114       0.266032423271849        0.7339675767283592       -1.1657926149904214      2.2780631846960793
90                       1080                     304.66713211382114       0.2456695784091745       0.754330421590857        -1.9188483672075285      1.8844800116489575
90                       1090                     304.66713211382114       0.2212781322760203       0.7787218677239157       -2.694889981934315       1.4857437821715063
90                       1100                     304.66713211382114       0.19553997764201234      0.804460022357978        2.7816162877458352       1.0811151320493797
91.99999999999999        1000                     304.66713211382114       0.18025411049138734      0.8197458895085495       -1.8009121026698167      -1.0384954759974543
91.99999999999999        1010                     304.66713211382114       0.20656023242467         0.7934397675753444       -2.6162736073831843      -1.443207304730577
91.99999999999999        1019.9999999999999       304.66713211382114       0.23275890307204458      0.767241096927885        2.88587959426526         -1.841958501162907
91.99999999999999        1030                     304.66713211382114       0.25585814074195895      0.7441418592580177       2.1314114723221422       -2.235041464987143
91.99999999999999        1039.9999999999998       304.66713211382114       0.2735389388128959       0.7264610611871325       1.3959855932551686       -2.623463426826692
91.99999999999999        1050                     304.66713211382114       0.284414879514051        0.7155851204858726       0.6724242694808834       -3.008685926477854
91.99999999999999        1060                     304.66713211382114       0.2877498668276645       0.7122501331721981       -0.045510026037968394    2.890888956487029
91.99999999999999        1070                     304.66713211382114       0.28334151840518484      0.7166584815949001       -0.763787732038613       2.5071839824602877
91.99999999999999        1080                     304.66713211382114       0.2714774351523311       0.7285225648475719       -1.4885419944492786      2.121610735715078
91.99999999999999        1090                     304.66713211382114       0.2529583839132671       0.7470416160872069       -2.225944305394754       1.7327147858915901
91.99999999999999        1100                     304.66713211382114       0.2292864170638011       0.7707135829358445       -2.983726641879446       1.3388500098743399
94                       1000                     304.66713211382114       0.14272283846958386      0.8572771615302393       -1.2370093142437224      -0.7802997109632047
94                       1010                     304.66713211382114       0.1634438460349276       0.8365561539652351       -2.10763906824012        -1.1905864883047297
94                       1019.9999999999999       304.66713211382114       0.18958343151217888      0.8104165684878597       -2.935208376807698       -1.5956341192430534
94                       1030                     304.66713211382114       0.21727437596556204      0.7827256240345446       2.559024647127305        -1.994637233505456
94                       1039.9999999999998       304.66713211382114       0.24295287440846394      0.7570471255915965       1.8008201520280367       -2.387643321589001
94                       1050                     304.66713211382114       0.2640316108568752       0.7359683891431126       1.065043957272038        -2.7754702801347153
94                       1060                     304.66713211382114       0.27876596398468245      0.7212340360153867       0.3445251521357244       3.1239388204165524
94                       1070                     304.66713211382114       0.2861524949504055       0.7138475050492106       -0.36724380861379335     2.7426257315296696
94                       1080                     304.66713211382114       0.2857111592339353       0.7142888407662218       -1.0764974081863083      2.362063025597287
94                       1090                     304.66713211382114       0.2775117173506546       0.7224882826493468       -1.7890921763447794      1.9805248209425552
94                       1100                     304.66713211382114       0.26197628728654243      0.7380237127136611       -2.51088321839196        1.5963527111097935
96                       1000                     304.66713211382114       0.12062255031361746      0.879377449686446        -0.5454867660584384      -0.4985589728246522
96                       1010                     304.66713211382114       0.126942077302013        0.8730579226980224       -1.4691989501342493      -0.9115245468015848
96                       1019.9999999999999       304.66713211382114       0.14390839173420136      0.8560916082673029       -2.3618582297385817      -1.3219282295643926
96                       1030                     304.66713211382114       0.16851522823603854      0.8314847717639232       3.0737275351503808       -1.7277713849342273
96                       1039.9999999999998       304.66713211382114       0.1968393337783387       0.8031606662214558       2.2702180282784563       -2.127733619949784
96                       1050                     304.66713211382114       0.22494952831372608      0.7750504716862662       1.5028380712678453       -2.5215607030595417
96                       1060                     304.66713211382114       0.2497457890369889       0.7502542109630863       0.7629024475272114       -2.909565387393259
96                       1070                     304.66713211382114       0.2690091798230255       0.7309908201770247       0.042483541235927826     2.9904950845282663
96                       1080                     304.66713211382114       0.28133892858655574      0.7186610714134014       -0.6656436308047773      2.61073389673073
96                       1090                     304.66713211382114       0.28599846797602024      0.7140015320240494       -1.367461878150092       2.232855843005866
96                       1100                     304.66713211382114       0.282709839737819        0.7172901602621938       -2.0686140069134926      1.8551868472998063
97.99999999999999        1000                     304.66713211382114       0.12699551919388127      0.8730044808061547       0.21787159771892847      -0.1989286384271836
97.99999999999999        1010                     304.66713211382114       0.11387228748286064      0.8861277125172757       -0.6938923226817563      -0.6085271349989892
97.99999999999999        1019.9999999999999       304.66713211382114       0.11250474426448542      0.8874952557357904       -1.6278090903912015      -1.0197137843029347
97.99999999999999        1030                     304.66713211382114       0.12317103007631866      0.8768289699235846       -2.547385281073554       -1.4299074220557886
97.99999999999999        1039.9999999999998       304.66713211382114       0.1438829027363107       0.8561170972638633       2.8584730709949993       -1.836675324706962
97.99999999999999        1050                     304.66713211382114       0.17106100705086796      0.8289389929491789       2.0302939643311744       -2.2383418644682993
97.99999999999999        1060                     304.66713211382114       0.20067408642294657      0.799325913577006        1.2457673927795607       -2.633864851414195
97.99999999999999        1070                     304.66713211382114       0.2289978438570382       0.7710021561431443       0.4955390349736762       -3.0231134749227073
97.99999999999999        1080                     304.66713211382114       0.25314671748970047      0.7468532825102622       -0.2298235414742499      2.8763479558761906
97.99999999999999        1090                     304.66713211382114       0.2712293508011147       0.7287706491988124       -0.9377775011717849      2.4971986231298042
97.99999999999999        1100                     304.66713211382114       0.28203591062214395      0.7179640893779412       -1.6349845058568513      2.1211447472097045
100                      1000                     304.66713211382114       0.16342039982559864      0.8365796001746412       0.9248535029127282       0.10854414053846531
100                      1010                     304.66713211382114       0.13542085779928215      0.8645791422006738       0.1003148042738565       -0.29069979697329557
100                      1019.9999999999999       304.66713211382114       0.11409833561641632      0.8859016643834503       -0.7773053443219711      -0.6951848013747276
100                      1030                     304.66713211382114       0.10310129246477946      0.8968987075349911       -1.7015462640124153      -1.103102984906155
100                      1039.9999999999998       304.66713211382114       0.10439114904560495      0.8956088509543917       -2.6423528907623433      -1.511988853689323
100                      1050                     304.66713211382114       0.11775309851272338      0.8822469014872583       2.724661650035732        -1.9193009025600487
100                      1060                     304.66713211382114       0.14074338209254386      0.8592566179076119       1.858071908548075        -2.3228506996576286
100                      1070                     304.66713211382114       0.16959749793239662      0.8304025020677742       1.0437105081537261       -2.720913241221378
100                      1080                     304.66713211382114       0.2001792760425936       0.79982072395723         0.2729338553321868       -3.1127280432961726
100                      1090                     304.66713211382114       0.2289349793752772       0.7710650206246271       -0.46456662482431077     2.784889557853884
100                      1100                     304.66713211382114       0.2531247408616709       0.7468752591382404       -1.1782433973141015      2.404857934709713
101.99999999999999       1000                     304.66713211382114       0.2156339769492847       0.7843660230506849       1.520254914572549        0.41393465190555495
101.99999999999999       1010                     304.66713211382114       0.18507360651511012      0.8149263934848071       0.7822224743784804       0.02935065433752042
101.99999999999999       1019.9999999999999       304.66713211382114       0.15363089153189735      0.8463691084681084       0.007631606197292053     -0.3615045873247191
101.99999999999999       1030                     304.66713211382114       0.12513456675083692      0.8748654332491422       -0.8158234128731039      -0.7585679865181434
101.99999999999999       1039.9999999999998       304.66713211382114       0.10377133856564337      0.8962286614343965       -1.6968775552634752      -1.160752432603851
101.99999999999999       1050                     304.66713211382114       0.09306223953644595      0.9069377604634448       -2.6291911392291496      -1.5662879508575316
101.99999999999999       1060                     304.66713211382114       0.09497591821177563      0.9050240817883363       2.705001549460894        -1.9727222775289417
101.99999999999999       1070                     304.66713211382114       0.10913945867821613      0.8908605413219308       1.785815310720135        -2.377423074596998
101.99999999999999       1080                     304.66713211382114       0.13305440378346084      0.8669455962166791       0.9221196515940467       -2.7782970724450715
101.99999999999999       1090                     304.66713211382114       0.16282511779066025      0.8371748822093368       0.11436325837482994      3.109603222440764
101.99999999999999       1100                     304.66713211382114       0.19435567497453893      0.805644325025429        -0.6482268653470941      2.7206017815601475
103.99999999999999       1000                     304.66713211382114       0.26141607066196215      0.7385839293381072       2.0282802219147156       0.7140027777599627
103.99999999999999       1010                     304.66713211382114       0.24016217343283205      0.759837826567092        1.3459408117785034       0.34363473182355136
103.99999999999999       1019.9999999999999       304.66713211382114       0.21294675133323607      0.7870532486666288       0.645730097623035        -0.03158988630763386
103.99999999999999       1030                     304.66713211382114       0.1816917021280899       0.8183082978719138       -0.07994091414390238     -0.41254572807891815
103.99999999999999       1039.9999999999998       304.66713211382114       0.14928591914061265      0.8507140808593558       -0.8420438011771745      -0.7999145519479425
103.99999999999999       1050                     304.66713211382114       0.1194477852511892       0.8805522147488706       -1.6535984127809094      -1.1935828600535219
103.99999999999999       1060                     304.66713211382114       0.09632382633137385      0.9036761736685576       -2.526582124535384       -1.5924456886496259
103.99999999999999       1070                     304.66713211382114       0.08368058939513208      0.9163194106049248       2.823227009664967        -1.9949037370120537
103.99999999999999       1080                     304.66713211382114       0.08373021564345662      0.9162697843565997       1.8629895573064517       -2.39868030153584
103.99999999999999       1090                     304.66713211382114       0.09646114963789844      0.9035388503601857       0.9298078694580639       -2.8011290057723524
103.99999999999999       1100                     304.66713211382114       0.11962713493730788      0.8803728650625808       0.05730499251810419      3.083187859057896
106                      1000                     304.66713211382114       0.2809710024962053       0.7190289975038067       2.489213890956847        1.014059985388124
106                      1010                     304.66713211382114       0.2759112330822964       0.7240887669176737       1.8353755494892714       0.6529951282865915
106                      1019.9999999999999       304.66713211382114       0.26305849472573756      0.7369415052746465       1.1767540734302475       0.290272688730543
106                      1030                     304.66713211382114       0.24288829697031186      0.7571117030296481       0.5083898781252576       -0.0755390937957895
106                      1039.9999999999998       304.66713211382114       0.21637667742381764      0.7836233225762681       -0.17580351675986106     -0.4459940418364073
106                      1050                     304.66713211382114       0.1851606774399876       0.814839322559917        -0.8828853895962234      -0.8220584754651259
106                      1060                     304.66713211382114       0.15189097024839243      0.8481090297516484       -1.6223620389763571      -1.2042665573340512
106                      1070                     304.66713211382114       0.11996160329654137      0.8800383967035649       -2.408146212079543       -1.5929136292441783
106                      1080                     304.66713211382114       0.0934534085056094       0.906546591494387        3.027158732203208        -1.9872475353283996
106                      1090                     304.66713211382114       0.07638716880761161      0.9236128311924451       2.1077837114474183       -2.3857066836375123
106                      1100                     304.66713211382114       0.07163965613179868      0.9283603438682422       1.1379433745388567       -2.7863743780545365
107.99999999999999       1000                     304.66713211382114       0.2599638975303097       0.7400361024696896       2.946851313557619        1.3285604906855946
107.99999999999999       1010                     304.66713211382114       0.2737003769172813       0.7262996230827578       2.2988059875732856       0.9694690793194772
107.99999999999999       1019.9999999999999       304.66713211382114       0.27964903887980624      0.7203509611202135       1.656007769521731        0.6122379625670765
107.99999999999999       1030                     304.66713211382114       0.27770146328789297      0.7222985367120438       1.013813339905882        0.2552566121258547
107.99999999999999       1039.9999999999998       304.66713211382114       0.26790135308153445      0.7320986469184924       0.36892219685679434      -0.1027168445008622
107.99999999999999       1050                     304.66713211382114       0.25057959030009885      0.7494204096999362       -0.2832928473107691      -0.46326775446912666
107.99999999999999       1060                     304.66713211382114       0.22639665814142965      0.7736033418586306       -0.9476429888840798      -0.8277281424583269
107.99999999999999       1070                     304.66713211382114       0.19664462061948504      0.8033553793805541       -1.6302224620888899      -1.197224032224727
107.99999999999999       1080                     304.66713211382114       0.16329499682876722      0.8367050031711855       -2.3390422025315547      -1.5726730486452754
107.99999999999999       1090                     304.66713211382114       0.12937943558625326      0.8706205644138344       -3.086175305760867       -1.9545160489053683
107.99999999999999       1100                     304.66713211382114       0.09850667495136528      0.9014933250485921       2.395401614292           -2.3423514849241625
109.99999999999999       1000                     304.66713211382114       0.1910740990011026       0.8089259009988472       -2.8216937492986074      1.680562941973042
109.99999999999999       1010                     304.66713211382114       0.22153700176384666      0.7784629982359799       2.791371166497529        1.3146984152916534
109.99999999999999       1019.9999999999999       304.66713211382114       0.24651889441796448      0.7534811055818379       2.1386596341844903       0.9538856219180649
109.99999999999999       1030                     304.66713211382114       0.2647292676244336       0.7352707323755652       1.4974957362950037       0.5969321878099229
109.99999999999999       1039.9999999999998       304.66713211382114       0.27560173382896636      0.7243982661711594       0.8635440512957246       0.24266869998331622
109.99999999999999       1050                     304.66713211382114       0.2787639153284412       0.721236084671568        0.23282621926409286      -0.11033195676888935
109.99999999999999       1060                     304.66713211382114       0.2740940005229082       0.7259059994769106       -0.398245021928751       -0.4634921574267862
109.99999999999999       1070                     304.66713211382114       0.2617699398972581       0.7382300601028283       -1.033136439639074       -0.818119543920871
109.99999999999999       1080                     304.66713211382114       0.2421808522187441       0.7578191477812495       -1.6761206857761841      -1.1757182168361913
109.99999999999999       1090                     304.66713211382114       0.21604470018630964      0.7839552998128948       -2.331841507500669       -1.5374674483773565
109.99999999999999       1100                     304.66713211382114       0.18473517196400477      0.8152648280359801       -3.0060614825660887      -1.904399670044459
112                      1000                     304.66713211382114       0.08963504422205595      0.9103649557779664       -2.116506634446953       2.096245852578512
112                      1010                     304.66713211382114       0.12308690724055173      0.8769130927593676       -2.8722807297847845      1.7175450452483079
112                      1019.9999999999999       304.66713211382114       0.15846822051778267      0.8415317794820654       2.704417488555299        1.3449040734374054
112                      1030                     304.66713211382114       0.19243219374768072      0.8075678062521755       2.0298695621332787       0.978306807195233
112                      1039.9999999999998       304.66713211382114       0.2224515620905888       0.7775484379092283       1.3774399728407911       0.6174768553885889
112                      1050                     304.66713211382114       0.24680372688085234      0.7531962731191518       0.7397981486780921       0.2613090617448444
112                      1060                     304.66713211382114       0.2644315423679298       0.7355684576315489       0.11235465933352953      -0.09110311768139051
112                      1070                     304.66713211382114       0.27479580057974         0.7252041994202624       -0.5089711914902869      -0.44107363712978315
112                      1080                     304.66713211382114       0.2775641831894862       0.722435816810454        -1.1275328841736076      -0.7899103583279758
112                      1090                     304.66713211382114       0.27272875391779106      0.7272712460821301       -1.7466050755559839      -1.1389680804467444
112                      1100                     304.66713211382114       0.2603863316748567       0.7396136683249597       -2.3692318290314316      -1.4894960744000607
113.99999999999999       1000                     304.66713211382114       0.028362482020334177     0.9716375179796516       -0.6416694911088506      2.58466938461636
113.99999999999999       1010                     304.66713211382114       0.03359060871839396      0.9664093912816318       -1.7364479765849423      2.19867571756712
113.99999999999999       1019.9999999999999       304.66713211382114       0.05117563821353184      0.9488243617864873       -2.693187911084202       1.814574782019141
113.99999999999999       1030                     304.66713211382114       0.07848719966203685      0.9215128003378777       2.7662239804427466       1.4343668954737137
113.99999999999999       1039.9999999999998       304.66713211382114       0.11192057702454215      0.888079422975169        2.0247598320740527       1.0593270817223464
113.99999999999999       1050                     304.66713211382114       0.14761752625975127      0.8523824737401725       1.3324605135424492       0.6901533430962354
113.99999999999999       1060                     304.66713211382114       0.18231072304147142      0.8176892769584406       0.6713224921938705       0.3270416522003513
113.99999999999999       1070                     304.66713211382114       0.21340714494895868      0.786592855050974        0.030890805122067072     -0.03060169123541822
113.99999999999999       1080                     304.66713211382114       0.23920935733258863      0.7607906426676067       -0.5950653544941978      -0.38337686234200125
113.99999999999999       1090                     304.66713211382114       0.25864400509770097      0.7413559949022595       -1.2112275432285136      -0.7323505742763459
113.99999999999999       1100                     304.66713211382114       0.27109246443654617      0.7289075355634012       -1.8208624209865034      -1.0785200758271898
115.99999999999999       1000                     304.66713211382114       0.08754611464767406      0.9124538853524042       0.979788682042971        3.1061372060263035
115.99999999999999       1010                     304.66713211382114       0.05639392326171463      0.9436060767383402       0.23163012988368264      2.7331050885535393
115.99999999999999       1019.9999999999999       304.66713211382114       0.032860092189449006     0.9671399078105326       -0.6268604755044294      2.355577795114474
115.99999999999999       1030                     304.66713211382114       0.020096424042392473     0.9799035759575532       -1.6811230571115419      1.9751876556928458
115.99999999999999       1039.9999999999998       304.66713211382114       0.01998260977849246      0.9800173902215378       -2.8838826866306495      1.5935486524946292
115.99999999999999       1050                     304.66713211382114       0.03250850481197394      0.9674914951880788       2.3409228720735165       1.213113086300766
115.99999999999999       1060                     304.66713211382114       0.05586753005900543      0.9441324699410419       1.4795138627503743       0.8355223162631987
115.99999999999999       1070                     304.66713211382114       0.0869277215519796       0.9130722784479967       0.730057917013534        0.4624492074633069
115.99999999999999       1080                     304.66713211382114       0.12198856389532092      0.8780114361046979       0.039812650053977806     0.09474583873428084
115.99999999999999       1090                     304.66713211382114       0.15769436200989853      0.8423056379900383       -0.6158972685183645      -0.2671730770703939
115.99999999999999       1100                     304.66713211382114       0.1911957396878097       0.808804260312154        -1.2491207185631192      -0.6234079755987222
118                      1000                     304.66713211382114       0.20793465289428592      0.7920653471056381       1.754287778471406        -2.68119435526901
118                      1010                     304.66713211382114       0.17743235180619676      0.8225676481938428       1.1503132555082238       -3.0290793825439977
118                      1019.9999999999999       304.66713211382114       0.14334896131592595      0.8566510386841755       0.5329798420843298       2.9012432371974546
118                      1030                     304.66713211382114       0.10774156333620578      0.8922584366640102       -0.1047827631498882      2.5427200487581643
118                      1039.9999999999998       304.66713211382114       0.07343405992939753      0.9265659400705901       -0.7730998265861259      2.1788939911470955
118                      1050                     304.66713211382114       0.043700481049937186     0.9562995189502066       -1.498724453608766       1.8099402840812906
118                      1060                     304.66713211382114       0.02191919825761444      0.9780808017424651       -2.3485258817992354      1.436976050876563
118                      1070                     304.66713211382114       0.010845454032164473     0.9891545459678486       2.7968026238177144       1.0614368094085114
118                      1080                     304.66713211382114       0.012059277970334724     0.9879407220299035       1.427026127115574        0.6850680445707159
118                      1090                     304.66713211382114       0.025370650500311506     0.9746293494996853       0.36090392182044373      0.3099107556612277
118                      1100                     304.66713211382114       0.04896235683212223      0.9510376431678743       -0.4555569512517179      -0.06242289283359946
120                      1000                     304.66713211382114       0.2720110635914062       0.7279889364085705       2.3074420102342037       -2.2150550561359745
120                      1010                     304.66713211382114       0.26574896007702126      0.7342510399229735       1.7418492353251334       -2.5461125817650543
120                      1019.9999999999999       304.66713211382114       0.25327017272150815      0.7467298272783917       1.174431988209322        -2.878520361595118
120                      1030                     304.66713211382114       0.23478451929699057      0.765215480703137        0.6039168234335809       3.070079679602051
120                      1039.9999999999998       304.66713211382114       0.2107149891455221       0.7892850108543996       0.027779989068119907     2.732089995644555
120                      1050                     304.66713211382114       0.18176928872205558      0.8182307112778826       -0.5546934695247855      2.3902461808271824
120                      1060                     304.66713211382114       0.1490773070022672       0.850922692997836        -1.1458278989170356      2.0439073577041307
120                      1070                     304.66713211382114       0.1143998907882451       0.8856001092117016       -1.7494870226544843      1.692382451146868
120                      1080                     304.66713211382114       0.08004103091076897      0.919958969089171        -2.370484078232666       1.3357785172252066
120                      1090                     304.66713211382114       0.04883757156782458      0.9511624284322268       -3.02142670794416        0.9741817710227545
120                      1100                     304.66713211382114       0.02389655267264673      0.976103447327401        2.5469730215774393       0.6083966009632507
