% Model:              nanoholes_rw_sweep.mph
% Version:            COMSOL 6.0.0.405
% Date:               Apr 10 2024, 07:31
% Table:              Table 1 - Global Evaluation 1
% r (nm)                 h_meta (nm)              freq (THz)               reflection (1)           transmission (1)         reflection_phi (rad)     transmission_phi (rad)
19.999999999999996       1200                     304.66713211382114       0.29759417464177007      0.7024058253580808       -2.5328223065453526      -1.4736037732256062
19.999999999999996       1210                     304.66713211382114       0.2964629104775526       0.7035370895225153       2.8615358374332773       -1.9165030707593158
19.999999999999996       1220                     304.66713211382114       0.2962204318647226       0.7037795681353266       1.9718502475741408       -2.3595935339631207
19.999999999999996       1230                     304.66713211382114       0.29688895603817034      0.703111043961729        1.0823236604069322       -2.8026619915054116
19.999999999999996       1239.9999999999998       304.66713211382114       0.2983684856300245       0.7016315143699965       0.19432372811593884      3.037803636788057
19.999999999999996       1250                     304.66713211382114       0.3003494937159248       0.6996505062840377       -0.6911645179363585      2.5956808058234615
19.999999999999996       1259.9999999999998       304.66713211382114       0.30246586374841206      0.6975341362524597       -1.5738531799346986      2.1541797942417324
19.999999999999996       1270                     304.66713211382114       0.3043283499824408       0.6956716500173749       -2.454150353277204       1.7131591303852405
19.999999999999996       1279.9999999999998       304.66713211382114       0.3055216219305805       0.6944783780695081       2.951519744149509        1.2729723931044203
19.999999999999996       1290                     304.66713211382114       0.3059246971834575       0.6940753028161905       2.074634133924445        0.8328265644702312
19.999999999999996       1300                     304.66713211382114       0.3053807703959307       0.6946192296041902       1.197769228735085        0.3926874792467079
22                       1200                     304.66713211382114       0.2963940844170358       0.7036059155828309       -2.40862093934858        -1.412435625039973
22                       1210                     304.66713211382114       0.2948326331468929       0.7051673668530559       2.9862705931917466       -1.854943909283101
22                       1220                     304.66713211382114       0.2942898798900129       0.7057101201100102       2.0965189260160653       -2.2977676298936047
22                       1230                     304.66713211382114       0.29480334656599594      0.7051966534341461       1.2066982175037566       -2.7406131675917402
22                       1239.9999999999998       304.66713211382114       0.29633489678161995      0.7036651032183325       0.3183079668712488       3.1000424519332572
22                       1250                     304.66713211382114       0.29856502694143106      0.7014349730582549       -0.5674203303025209      2.658114509480802
22                       1259.9999999999998       304.66713211382114       0.3010597771437264       0.6989402228562873       -1.4498870066135088      2.2169481827394355
22                       1270                     304.66713211382114       0.3033563341512204       0.6966436658487941       -2.3290437846150245      1.7765295522612128
22                       1279.9999999999998       304.66713211382114       0.3050409014132931       0.6949590985867385       3.0776635019349565       1.3367596158173898
22                       1290                     304.66713211382114       0.30575324263173637      0.6942467573680616       2.2028179567130866       0.8973707031017308
22                       1300                     304.66713211382114       0.3053891356385712       0.6946108643614924       1.3281306384582634       0.45801066623965275
24                       1200                     304.66713211382114       0.2953066635681071       0.7046933364318121       -2.276956548651127       -1.347684559754528
24                       1210                     304.66713211382114       0.2932731491747345       0.7067268508251933       3.118655967862519        -1.7897281193125953
24                       1220                     304.66713211382114       0.29229603060170617      0.7077039693983799       2.2290466128040194       -2.2322333238490937
24                       1230                     304.66713211382114       0.2925821896939728       0.7074178103060009       1.3388728590280594       -2.6748760531992724
24                       1239.9999999999998       304.66713211382114       0.29407764543507686      0.7059223545648647       0.4500061574694989       -3.1172180406061494
24                       1250                     304.66713211382114       0.2964933266006657       0.7035066733992433       -0.4361125310121811      2.7242494250419322
24                       1259.9999999999998       304.66713211382114       0.2993377534015806       0.7006622465986811       -1.3186618254644014      2.2833387330138777
24                       1270                     304.66713211382114       0.30212790151887825      0.6978720984809822       -2.197252183578633       1.843343103280796
24                       1279.9999999999998       304.66713211382114       0.3042784436195238       0.6957215563806041       -3.0724852231892568      1.4041349060115855
24                       1290                     304.66713211382114       0.3054531272893311       0.6945468727105393       2.337692883446812        0.965467571660753
24                       1300                     304.66713211382114       0.3053883309384717       0.6946116690615399       1.4653917827276206       0.5269261331286023
25.999999999999996       1200                     304.66713211382114       0.2944189298400076       0.7055810701598374       -2.138272735760241       -1.2795412189404411
25.999999999999996       1210                     304.66713211382114       0.29183246615721087      0.7081675338427946       -3.0246857095766044      -1.7210358758777247
25.999999999999996       1220                     304.66713211382114       0.29031336024194176      0.7096866397579223       2.3692587463248227       -2.163119647963193
25.999999999999996       1230                     304.66713211382114       0.29022997446781956      0.7097700255322119       1.478814311295198        -2.6055068156952754
25.999999999999996       1239.9999999999998       304.66713211382114       0.29159005097751306      0.7084099490225181       0.5892812903508137       -3.0476898889474757
25.999999999999996       1250                     304.66713211382114       0.2940966963566953       0.7059033036434319       -0.2974698747744785      2.793939435274763
25.999999999999996       1259.9999999999998       304.66713211382114       0.2972887093052886       0.702711290694618        -1.1802668998351706      2.3532702247835378
25.999999999999996       1270                     304.66713211382114       0.30054830916758435      0.6994516908323705       -2.0586257702332267      1.9136214760869625
25.999999999999996       1279.9999999999998       304.66713211382114       0.30327773250853773      0.6967222674914431       -2.932950168500962       1.4749069802404962
25.999999999999996       1290                     304.66713211382114       0.30497502932491544      0.6950249706750867       2.478942042450583        1.0369331855232242
25.999999999999996       1300                     304.66713211382114       0.3053371489305781       0.6946628510691796       1.609038829131248        0.599264232174582
28                       1200                     304.66713211382114       0.2937510667061233       0.7062489332939266       -1.992863710380013       -1.2081134657088928
28                       1210                     304.66713211382114       0.29055849080242996      0.7094415091976681       -2.877615302209085       -1.648887810562034
28                       1220                     304.66713211382114       0.28844590944043363      0.7115540905594351       2.5170415793564636       -2.0905050758937618
28                       1230                     304.66713211382114       0.28785118437260376      0.7121488156273326       1.6265408211721224       -2.5325555657690857
28                       1239.9999999999998       304.66713211382114       0.2889020912794105       0.7110979087206029       0.7363963821040093       -2.974554728867287
28                       1250                     304.66713211382114       0.29140336153328206      0.7085966384668385       -0.15128485637465208     2.8672083540425737
28                       1259.9999999999998       304.66713211382114       0.29484737011360235      0.7051526298863495       -1.0347425874227276      2.4266818881610366
28                       1270                     304.66713211382114       0.2985966755814973       0.701403324418418        -1.9131596148868777      1.9873381293369745
28                       1279.9999999999998       304.66713211382114       0.3019264285646926       0.6980735714355507       -2.7868596580549343      1.5490700484583226
28                       1290                     304.66713211382114       0.3042636600011699       0.6957363399986994       2.626235111945045        1.1116041186185053
28                       1300                     304.66713211382114       0.30516072835481245      0.6948392716451857       1.75874663677425         0.6748866529892369
30                       1200                     304.66713211382114       0.2933916304643181       0.706608369535938        -1.8409230680927733      -1.1334585762130285
30                       1210                     304.66713211382114       0.28952501866281616      0.7104749813372371       -2.723559826815029       -1.5734251190828838
30                       1220                     304.66713211382114       0.2866986348875445       0.7133013651125546       2.672243837466225        -2.0144525203070143
30                       1230                     304.66713211382114       0.28547943975005563      0.714520560250023        1.7819464673231633       -2.456108709235268
30                       1239.9999999999998       304.66713211382114       0.28609195186721276      0.7139080481328294       0.8911485234737758       -2.8978910584187942
30                       1250                     304.66713211382114       0.2884545411147009       0.7115454588854621       0.002581391250009565     2.9440072376487456
30                       1259.9999999999998       304.66713211382114       0.2920461796213402       0.7079538203786981       -0.8818625425652065      2.5036034869369486
30                       1270                     304.66713211382114       0.2962184117996681       0.7037815882008512       -1.7607904792020117      2.064482653961036
30                       1279.9999999999998       304.66713211382114       0.30017290264192004      0.6998270973581594       -2.6342465425289756      1.6265898709024247
30                       1290                     304.66713211382114       0.3031914964507589       0.69680850354931         2.7801743306024265       1.189811980965569
30                       1300                     304.66713211382114       0.30475416821912404      0.6952458317798235       1.9144376666979166       0.7537384985282561
31.999999999999996       1200                     304.66713211382114       0.29329288216893384      0.7067071178311064       -1.6827086196802181      -1.0556451150232928
31.999999999999996       1210                     304.66713211382114       0.28879250353632197      0.7112074964637518       -2.562703312315934       -1.4947039471360852
31.999999999999996       1220                     304.66713211382114       0.2852187492644052       0.7147812507355126       2.8347458587198244       -1.934987012861127
31.999999999999996       1230                     304.66713211382114       0.28322678758400377      0.7167732124160692       1.945052459342447        -2.3761633119220997
31.999999999999996       1239.9999999999998       304.66713211382114       0.28324611467583055      0.7167538853241866       1.0538915862152136       -2.8176357199500646
31.999999999999996       1250                     304.66713211382114       0.2852579037644667       0.7147420962355114       0.1642303538255852       3.0243724128902185
31.999999999999996       1259.9999999999998       304.66713211382114       0.28888309366992754      0.7111169063300891       -0.7214279685944097      2.584081159222496
31.999999999999996       1270                     304.66713211382114       0.2933841377250918       0.7066158622749766       -1.6013158396921043      2.1450631656167296
31.999999999999996       1279.9999999999998       304.66713211382114       0.2979716667600373       0.7020283332400374       -2.475061132700202       1.7074486181504789
31.999999999999996       1290                     304.66713211382114       0.3017533285395326       0.6982466714605473       2.9400953616341003       1.2711732631709554
31.999999999999996       1300                     304.66713211382114       0.304100122190853        0.6958998778091289       2.0759202251658757       0.8357702659847679
33.99999999999999        1200                     304.66713211382114       0.29355009170291935      0.7064499082968672       -1.5186502379194904      -0.9748122197944186
33.99999999999999        1210                     304.66713211382114       0.2884534879789402       0.7115465120209733       -2.395445557038825       -1.4127632116499227
33.99999999999999        1220                     304.66713211382114       0.2840556336441247       0.7159443663559956       3.004434229072233        -1.8521656452369002
33.99999999999999        1230                     304.66713211382114       0.28118352887032927      0.7188164711295306       2.1159520962100493       -2.2926746531766997
33.99999999999999        1239.9999999999998       304.66713211382114       0.28040497580143003      0.7195950241984534       1.2246330731305715       -2.7338198822164093
33.99999999999999        1250                     304.66713211382114       0.2819146030478429       0.7180853969521362       0.3339452809165967       3.1083589367677864
33.99999999999999        1259.9999999999998       304.66713211382114       0.28533365362567514      0.7146663463744488       -0.5531857191399945      2.6681170484621135
33.99999999999999        1270                     304.66713211382114       0.2901068746485057       0.709893125351511        -1.434479847984228       2.229166849985006
33.99999999999999        1279.9999999999998       304.66713211382114       0.2952310176668276       0.7047689823331175       -2.3090134819185013      1.7917198136584427
33.99999999999999        1290                     304.66713211382114       0.29980146049973583      0.7001985395003127       3.1062928120475157       1.3558028900183325
33.99999999999999        1300                     304.66713211382114       0.3030353460248732       0.6969646539751624       2.24348340408667         0.9210587367994076
36                       1200                     304.66713211382114       0.29417524278779944      0.7058247572121599       -1.3488165003398092      -0.8908992292652007
36                       1210                     304.66713211382114       0.2885134351837713       0.7114865648163295       -2.22158604717806        -1.3275666647056747
36                       1220                     304.66713211382114       0.2833078629346457       0.7166921370654192       -3.101874901734382       -1.765920155084989
36                       1230                     304.66713211382114       0.2794549694261022       0.7205450305739461       2.29453247840409         -2.205701687119625
36                       1239.9999999999998       304.66713211382114       0.2777139305527676       0.7222860694471436       1.4037681562362214       -2.646299320183062
36                       1250                     304.66713211382114       0.278472418740387        0.7215275812594962       0.5122331476735158       -3.0870776697102156
36                       1259.9999999999998       304.66713211382114       0.2815236971107803       0.7184763028893519       -0.3765386727236911      2.75592458329247
36                       1270                     304.66713211382114       0.2863008257458153       0.713699174254387        -1.2596964029944842      2.3169485648183747
36                       1279.9999999999998       304.66713211382114       0.2919176804096142       0.708082319590427        -2.1354068079984883      1.8796118513570013
36                       1290                     304.66713211382114       0.29728807861663525      0.7027119213834326       -3.0039430908432294      1.4438866991861414
36                       1300                     304.66713211382114       0.30147396968985557      0.6985260303097954       2.4170938631184997       1.0096368182513507
38                       1200                     304.66713211382114       0.2950681213558876       0.7049318786443326       -1.1733948739801134      -0.803901718911868
38                       1210                     304.66713211382114       0.2890641226607063       0.7109358773394368       -2.041711387541798       -1.2392132394792483
38                       1220                     304.66713211382114       0.2830644268642777       0.7169355731357696       -2.9180500912709553      -1.676270810975309
38                       1230                     304.66713211382114       0.27814907394356125      0.7218509260566592       2.481070550571815        -2.115041916316392
38                       1239.9999999999998       304.66713211382114       0.27531408617638725      0.7246859138236391       1.5912869670543126       -2.555029349157285
38                       1250                     304.66713211382114       0.2750961554779898       0.724903844521999        0.6993227509030382       -2.9954723377463313
38                       1259.9999999999998       304.66713211382114       0.27750211598788765      0.7224978840122622       -0.19105843601275335     2.8476058670919193
38                       1270                     304.66713211382114       0.2821379633169849       0.7178620366829207       -1.0762907612833426      2.4085830439579254
38                       1279.9999999999998       304.66713211382114       0.28802645917129277      0.711973540828696        -1.9541159269740986      1.9711630675338951
38                       1290                     304.66713211382114       0.2940898347988211       0.7059101652011686       -2.823659428745265       1.5356088959747776
38                       1300                     304.66713211382114       0.29929044956838396      0.7007095504316105       2.597392645899554        1.1017183409007154
39.99999999999999        1200                     304.66713211382114       0.2962395623418793       0.7037604376580666       -0.9928191045310104      -0.7139047556526875
39.99999999999999        1210                     304.66713211382114       0.29004567377203017      0.709954326227972        -1.855884275758278       -1.1476247370491055
39.99999999999999        1220                     304.66713211382114       0.2834057186294782       0.7165942813705296       -2.7276231874297663      -1.5832737565071622
39.99999999999999        1230                     304.66713211382114       0.27744332233187735      0.7225566776684664       2.675133225129473        -2.020822925551287
39.99999999999999        1239.9999999999998       304.66713211382114       0.27335301891416447      0.7266469810856778       1.7874312106078591       -2.459922121932503
39.99999999999999        1250                     304.66713211382114       0.27191143027422227      0.7280885697255833       0.8955481844404533       -2.8999119751001596
39.99999999999999        1259.9999999999998       304.66713211382114       0.2734144953353833       0.7265855046645294       0.0038453887287431777    2.9433244819662145
39.99999999999999        1270                     304.66713211382114       0.27756462379474095      0.7224353762053037       -0.8838023797014821      2.5042203419449938
39.99999999999999        1279.9999999999998       304.66713211382114       0.28351454038102875      0.7164854596189979       -1.7640699189704003      2.066681383924658
39.99999999999999        1290                     304.66713211382114       0.2902063464964156       0.7097936535033897       -2.6355220343751253      1.6311152571658742
39.99999999999999        1300                     304.66713211382114       0.29636719450047716      0.7036328054997653       2.7845816342397343       1.1973798654503607
42                       1200                     304.66713211382114       0.29760482661992915      0.7023951733798615       -0.8071316742320624      -0.6208633602918521
42                       1210                     304.66713211382114       0.291460960486074        0.7085390395139485       -1.6645301142102327      -1.0528490003586342
42                       1220                     304.66713211382114       0.2843242597858759       0.7156757402141447       -2.530855448223263       -1.4869032371745798
42                       1230                     304.66713211382114       0.27742654250988585      0.7225734574902528       2.8765910439026694       -1.92300708478679
42                       1239.9999999999998       304.66713211382114       0.27201268908970405      0.7279873109104543       1.9919028341226557       -2.3610352343309846
42                       1250                     304.66713211382114       0.26912307492024934      0.7308769250795695       1.1011409264075436       -2.800318131786027
42                       1259.9999999999998       304.66713211382114       0.2693952999569689       0.7306047000431415       0.20853128101612786      3.043207496607529
42                       1270                     304.66713211382114       0.272746959344421        0.7272530406555335       -0.6813376904547803      2.6041106291535585
42                       1279.9999999999998       304.66713211382114       0.27852410808443634      0.7214758919155123       -1.5647033978473934      2.1663551105162746
42                       1290                     304.66713211382114       0.28555287000343954      0.7144471299966451       -2.438896164290572       1.7305936443400987
42                       1300                     304.66713211382114       0.29261145518966625      0.7073885448101946       2.9796730834924134       1.2969175061637401
44                       1200                     304.66713211382114       0.299000403895851        0.7009995961040193       -0.6163362395653015      -0.5246404371974599
44                       1210                     304.66713211382114       0.29324157919001953      0.7067584208144698       -1.4677977357495624      -0.9548724386856885
44                       1220                     304.66713211382114       0.2858614179069237       0.7141385820932018       -2.3279121765530024      -1.3870745225280665
44                       1230                     304.66713211382114       0.27812877483643345      0.7218712251635595       3.085167211504627        -1.8215205909353822
44                       1239.9999999999998       304.66713211382114       0.27140364174035714      0.7285963582593211       2.204867517823372        -2.25816342775419
44                       1250                     304.66713211382114       0.2669452482954958       0.7330547517045051       1.3164335989587101       -2.696478938736483
44                       1259.9999999999998       304.66713211382114       0.2656748515600221       0.7343251484399768       0.4238122204547038       -3.135650176624808
44                       1270                     304.66713211382114       0.2678671751590287       0.7321328248410117       -0.4682109507139575      2.708496545189622
44                       1279.9999999999998       304.66713211382114       0.2730145157082553       0.7269854842916614       -1.3548034972174552      2.270543882389707
44                       1290                     304.66713211382114       0.28019019592863637      0.7198098040714667       -2.2324823521489936      1.8344639432327956
44                       1300                     304.66713211382114       0.28793544502813057      0.7120645549718744       -3.0997535740404496      1.4006295611562236
45.99999999999999        1200                     304.66713211382114       0.30026681832001384      0.6997331816797245       -0.4205308725783928      -0.4252084605294299
45.99999999999999        1210                     304.66713211382114       0.29521696348243576      0.7047830365178488       -1.2660202442532635      -0.8536406963319202
45.99999999999999        1220                     304.66713211382114       0.2879575075295874       0.7120424924703861       -2.1192412113530428      -1.2838146683652878
45.99999999999999        1230                     304.66713211382114       0.2796293624566771       0.7203706375432668       -2.9826865967063125      -1.7163527336083593
45.99999999999999        1239.9999999999998       304.66713211382114       0.271731830915588        0.7282681690843648       2.425861093661315        -2.151328443628403
45.99999999999999        1250                     304.66713211382114       0.2656319069967364       0.7343680930032209       1.541169760274871        -2.5883975120634073
45.99999999999999        1259.9999999999998       304.66713211382114       0.2625692208674889       0.737430779132425        0.6497194460285048       -3.026800445470284
45.99999999999999        1270                     304.66713211382114       0.26319477572099187      0.736805224279029        -0.2436273360820195      2.8175862123099247
45.99999999999999        1279.9999999999998       304.66713211382114       0.2672976416013395       0.7327023583986841       -1.1333740199419442      2.37952368258751
45.99999999999999        1290                     304.66713211382114       0.27411749870989666      0.7258825012899863       -2.0150299613920057      1.9430815008322737
45.99999999999999        1300                     304.66713211382114       0.28234146580409114      0.7176585341959107       -2.8861465246466937      1.5088430816716942
48                       1200                     304.66713211382114       0.30116725575782044      0.6988327442420181       -0.2196693071348717      -0.32249518632262403
48                       1210                     304.66713211382114       0.29723629100793775      0.7027637089919986       -1.0592014939624934      -0.7490432002670981
48                       1220                     304.66713211382114       0.2904840586330112       0.7095159413668245       -1.9053874976211047      -1.1771884691028187
48                       1230                     304.66713211382114       0.281941553483195        0.7180584465167544       -2.7612505764911024      -1.6075731285993822
48                       1239.9999999999998       304.66713211382114       0.2730449411750124       0.7269550588251074       2.654284748758902        -2.040547993717945
48                       1250                     304.66713211382114       0.2653443864358342       0.7346556135641064       1.774998514902362        -2.4760012317582745
48                       1259.9999999999998       304.66713211382114       0.2603167767456434       0.7396832232544014       0.8863877416429301       -2.9133291485539634
48                       1270                     304.66713211382114       0.25897221993750824      0.7410277800624595       -0.0071493689029381085   2.931564734874686
48                       1279.9999999999998       304.66713211382114       0.26156509111092907      0.738434908889128        -0.8995771884073168      2.4935080432793435
48                       1290                     304.66713211382114       0.2675919674979542       0.7324080325019813       -1.7856450370558967      2.056696216766457
48                       1300                     304.66713211382114       0.2758419047806581       0.7241580952194108       -2.6612455258626335      1.6220136687178126
50                       1200                     304.66713211382114       0.30143590956906985      0.6985640904308662       -0.012805248078285215    -0.21596463622988027
50                       1210                     304.66713211382114       0.2990121224260591       0.7009878775739398       -0.8468619342126473      -0.6408003914525833
50                       1220                     304.66713211382114       0.29323212086099754      0.7067678791389245       -1.6859915612388479      -1.0668255088572625
50                       1230                     304.66713211382114       0.28493142125463305      0.7150685787453175       -2.533695277263233       -1.4948655858642501
50                       1239.9999999999998       304.66713211382114       0.2754033548039485       0.7245966451961241       2.890126221063147        -1.9255596897567642
50                       1250                     304.66713211382114       0.26629082407153915      0.7337091759284341       2.0179447414166902       -2.3590105302838515
50                       1259.9999999999998       304.66713211382114       0.2592312949046187       0.7407687050954841       1.1341758706784193       -2.7948294176197925
50                       1270                     304.66713211382114       0.2556248703203819       0.744375129679446        0.24231202214335162      3.0509573905578486
50                       1279.9999999999998       304.66713211382114       0.2561937088325012       0.7438062911674532       -0.651853996743109       2.613143536802126
50                       1290                     304.66713211382114       0.26081014507667816      0.7391898549233016       -1.542051635278462       2.17606074383181
50                       1300                     304.66713211382114       0.2685668779826712       0.7314331220172736       -2.423027318770428       1.7407988836683843
51.99999999999999        1200                     304.66713211382114       0.3007633975222698       0.6992366024776139       0.1996675090690548       -0.10590138855726265
51.99999999999999        1210                     304.66713211382114       0.30025592071548834      0.6997440792845898       -0.6297643162817769      -0.5291570016338167
51.99999999999999        1220                     304.66713211382114       0.2959149245483146       0.704085075451616        -1.4619515879181477      -0.9530793892410139
51.99999999999999        1230                     304.66713211382114       0.2883833167407097       0.7116166832592754       -2.3014180604910304      -1.3787630591058109
51.99999999999999        1239.9999999999998       304.66713211382114       0.27872471451743447      0.7212752854826487       3.131457788787769        -1.8069542872367381
51.99999999999999        1250                     304.66713211382114       0.2685534170269233       0.7314465829728884       2.2681097625682227       -2.237996486830196
51.99999999999999        1259.9999999999998       304.66713211382114       0.25957469760752905      0.7404253023925956       1.3912358816098729       -2.6718695807443407
51.99999999999999        1270                     304.66713211382114       0.2535716703069828       0.7464283296930855       0.503261111502517        -3.107929712601985
51.99999999999999        1279.9999999999998       304.66713211382114       0.2516307310230682       0.7483692689770832       -0.39074619937193866     2.7380616355595357
51.99999999999999        1290                     304.66713211382114       0.25422155215384545      0.7457784478460069       -1.2842751643008907      2.300935832509283
51.99999999999999        1300                     304.66713211382114       0.2607810614299626       0.7392189385701337       -2.17082022496277        1.8651292130043464
53.99999999999999        1200                     304.66713211382114       0.29878682402884144      0.7012131759710958       0.4188430272568209       0.008238465157302392
53.99999999999999        1210                     304.66713211382114       0.30054735908774405      0.6994526409123747       -0.4069365368868714      -0.41369297141048084
53.99999999999999        1220                     304.66713211382114       0.2981835530899883       0.7018164469099446       -1.233094903466812       -0.8356888683168189
53.99999999999999        1230                     304.66713211382114       0.29196503424808         0.7080349657519495       -2.0643022475043535      -1.258942143126504
53.99999999999999        1239.9999999999998       304.66713211382114       0.28279783005175735      0.7172021699483939       -2.904988895399577       -1.6844496107279632
53.99999999999999        1250                     304.66713211382114       0.2720517005767715       0.7279482994232256       2.5248780136141065       -2.1128213452979714
53.99999999999999        1259.9999999999998       304.66713211382114       0.2615423190769489       0.7384576809225337       1.6570257605006413       -2.5442938457129562
53.99999999999999        1270                     304.66713211382114       0.25311533987137635      0.7468846601286182       0.775635886120628        -2.9784569378397507
53.99999999999999        1279.9999999999998       304.66713211382114       0.24839051220202218      0.7516094877980302       -0.1157796250523038      2.868628406627159
53.99999999999999        1290                     304.66713211382114       0.2483460830474698       0.7516539169527063       -1.0109657858276138      2.431849789372593
53.99999999999999        1300                     304.66713211382114       0.25291550185105377      0.747084498149005        -1.9026076337627567      1.9956790601926648
56                       1200                     304.66713211382114       0.29518402909524843      0.7048159709050937       0.6461372466152668       0.12695313226269317
56                       1210                     304.66713211382114       0.29949998288171276      0.7005000171183243       -0.17782180939115746     -0.2940968370598321
56                       1220                     304.66713211382114       0.2995416710764285       0.7004583289235786       -0.9990096113116521      -0.7144302307945143
56                       1230                     304.66713211382114       0.2953027638771773       0.7046972361227871       -1.8227075232186802      -1.1353960919588855
56                       1239.9999999999998       304.66713211382114       0.2873162055893439       0.7126837944110591       -2.6537807548791825      -1.5581824096825088
56                       1250                     304.66713211382114       0.27672355457788184      0.7232764454220137       2.7870922097301922       -1.9835492894693256
56                       1259.9999999999998       304.66713211382114       0.265198592808344        0.7348014071917051       1.9302820822850573       -2.412123134129968
56                       1270                     304.66713211382114       0.25463035523745603      0.7453696447624685       1.0581078999985967       -2.843877131199418
56                       1279.9999999999998       304.66713211382114       0.2469989505507981       0.7530010494491091       0.17246149580539305      3.0049433743559284
56                       1290                     304.66713211382114       0.2437885565959321       0.7562114434038212       -0.721651782640833       2.5690204108186236
56                       1300                     304.66713211382114       0.24565279525873543      0.7543472047412433       -1.616829091720657       2.1328695203437635
57.99999999999999        1200                     304.66713211382114       0.289593578919701        0.7104064210802561       0.8831595295129643       0.2507857302302742
57.99999999999999        1210                     304.66713211382114       0.2966613711606634       0.7033386288393315       0.05932411018967078      -0.16979061839966078
57.99999999999999        1220                     304.66713211382114       0.2995266704649587       0.700473329535316        -0.7587839496901058      -0.588909711953018
57.99999999999999        1230                     304.66713211382114       0.297834818688366        0.7021651813116762       -1.5762846052580353      -1.0078974236172051
57.99999999999999        1239.9999999999998       304.66713211382114       0.2917559639919935       0.7082440360080271       -2.3981440260890876      -1.4279744301660509
57.99999999999999        1250                     304.66713211382114       0.28211405625594727      0.7178859437440932       3.0538015015499855       -1.8502858905057373
57.99999999999999        1259.9999999999998       304.66713211382114       0.2703305826216284       0.729669417378293        2.2093282642872425       -2.275630030626317
57.99999999999999        1270                     304.66713211382114       0.2582069658896361       0.7417930341104767       1.3488397102300125       -2.704393428862232
57.99999999999999        1279.9999999999998       304.66713211382114       0.24788473770625813      0.7521152622937881       0.4723772930841367       -3.1363458066124106
57.99999999999999        1290                     304.66713211382114       0.24126046438830195      0.7587395356116471       -0.4169931629055499      2.7124693350420945
57.99999999999999        1300                     304.66713211382114       0.23968895228498366      0.7603110477151265       -1.3128610056802643      2.2769022761429745
60                       1200                     304.66713211382114       0.2817782996010767       0.7182217003989687       1.1320904946700083       0.3803766736241188
60                       1210                     304.66713211382114       0.29159088456496685      0.7084091154348413       0.30589423441434394      -0.04023263131099979
60                       1220                     304.66713211382114       0.2975476314873121       0.7024523685128345       -0.5112849528704903      -0.4586917067762895
60                       1230                     304.66713211382114       0.2989444442191604       0.7010555557808237       -1.3242185812820406      -0.8760825308118401
60                       1239.9999999999998       304.66713211382114       0.2955031519492875       0.704496848050748        -2.1382186086601638      -1.2937269200664865
60                       1250                     304.66713211382114       0.2877050514431003       0.712294948556913        -2.9587497196396306      -1.7129993571558972
60                       1259.9999999999998       304.66713211382114       0.27661793534487955      0.7233820646549484       2.4926564688400332       -2.134926892484404
60                       1270                     304.66713211382114       0.2637862114355719       0.7362137885644519       1.6458399958836532       -2.5601874216957965
60                       1279.9999999999998       304.66713211382114       0.25129629898850875      0.7487037010113855       0.781768330965324        -2.98906769150831
60                       1290                     304.66713211382114       0.2414011797052436       0.7585988202947785       -0.09871046419836282     2.8620689743404406
60                       1300                     304.66713211382114       0.23590364324888574      0.764096356751193        -0.9911273779639749      2.427882675052169
61.99999999999999        1200                     304.66713211382114       0.271599487847584        0.7284005121528537       1.3957557506454308       0.5165626807031688
61.99999999999999        1210                     304.66713211382114       0.28391128517538516      0.7160887148247682       0.5642095984471733       0.09523139849229764
61.99999999999999        1220                     304.66713211382114       0.2930872272303009       0.7069127727696678       -0.25459381484509014     -0.32310498602139753
61.99999999999999        1230                     304.66713211382114       0.29792916682007187      0.7020708331798944       -1.0654243563064691      -0.7395025490316334
61.99999999999999        1239.9999999999998       304.66713211382114       0.2977974246411339       0.702202575358941        -1.8736159371107053      -1.1552305459179943
61.99999999999999        1250                     304.66713211382114       0.2927470468624697       0.7072529531375972       -2.684634622851476       -1.5716711662130143
61.99999999999999        1259.9999999999998       304.66713211382114       0.28336041729501804      0.716639582705051        2.779228916281146        -1.9901594845373358
61.99999999999999        1270                     304.66713211382114       0.27093318710697506      0.7290668128925328       1.9469464495166597       -2.4116411928787924
61.99999999999999        1279.9999999999998       304.66713211382114       0.257268776429308        0.7427312235707603       1.0977532396242233       -2.836843546374491
61.99999999999999        1290                     304.66713211382114       0.24458902006759012      0.7554109799324557       0.2304707281311524       3.0175310567408133
61.99999999999999        1300                     304.66713211382114       0.23517477185909888      0.764825228140717        -0.6535252915667406      2.5855887800813004
63.99999999999999        1200                     304.66713211382114       0.25922513021628596      0.7407748697838527       1.6778470336450055       0.6602910591625915
63.99999999999999        1210                     304.66713211382114       0.27341611971680985      0.7265838802831558       0.8377676913931235       0.23765815183719197
63.99999999999999        1220                     304.66713211382114       0.28561298698515375      0.7143870130147619       0.014087428154596198     -0.1812760079555503
63.99999999999999        1230                     304.66713211382114       0.29410630020520234      0.7058936997948531       -0.7976502226841148      -0.5973920642960956
63.99999999999999        1239.9999999999998       304.66713211382114       0.2978005923688621       0.7021994076312108       -1.602660980487957       -1.0118544851507225
63.99999999999999        1250                     304.66713211382114       0.2962847516926719       0.7037152483072644       -2.40637746462498        -1.4259846053601128
63.99999999999999        1259.9999999999998       304.66713211382114       0.28970178030609356      0.7102982196936656       3.068699223015715        -1.8412129066003813
63.99999999999999        1270                     304.66713211382114       0.2789151936748561       0.7210848063251737       2.250548329616615        -2.258878378300489
63.99999999999999        1279.9999999999998       304.66713211382114       0.26529429742038624      0.7347057025791693       1.4177737514774982       -2.6798978304784753
63.99999999999999        1290                     304.66713211382114       0.2509002495567464       0.7490997504432962       0.5668522891981375       -3.104765399988857
63.99999999999999        1300                     304.66713211382114       0.23810359876232862      0.7618964012377565       -0.3034568278437329      2.7496956344695316
66                       1200                     304.66713211382114       0.2451177441402747       0.7548822558596708       1.9828109769347735       0.8126101255461738
66                       1210                     304.66713211382114       0.2601613714490802       0.7398386285507857       1.1307770105365011       0.38817807160144907
66                       1220                     304.66713211382114       0.2747894791422327       0.7252105208578278       0.2983846092621578       -0.03211703174564999
66                       1230                     304.66713211382114       0.2868090905572164       0.7131909094426904       -0.5179303341405299      -0.44879016212425443
66                       1239.9999999999998       304.66713211382114       0.29464033255782796      0.7053596674420024       -1.32300832870501        -0.8627578204319669
66                       1250                     304.66713211382114       0.29731184979084807      0.7026881502091985       -2.122490591111077       -1.2753322915273584
66                       1259.9999999999998       304.66713211382114       0.2945589131656509       0.7054410868342529       -2.921853501917518       -1.687858194623754
66                       1270                     304.66713211382114       0.28665382553906216      0.7133461744608646       2.556157930942147        -2.101846938833554
66                       1279.9999999999998       304.66713211382114       0.27455487786904476      0.7254451221309495       1.7395846691385939       -2.518580292995915
66                       1290                     304.66713211382114       0.2599147389474145       0.7400852610522676       0.9069059511883996       -2.938956840898198
66                       1300                     304.66713211382114       0.24484966729870286      0.7551503327010101       0.05453766600782861      2.9197366191865237
67.99999999999999        1200                     304.66713211382114       0.23035338843071326      0.7696466115692535       2.3145817986153436       0.9741857813439371
67.99999999999999        1210                     304.66713211382114       0.24470424422867246      0.7552957557712646       1.447989804077127        0.5477742437027358
67.99999999999999        1220                     304.66713211382114       0.2606534867856865       0.7393465132142937       0.6029061107900496       0.12550206027730604
67.99999999999999        1230                     304.66713211382114       0.2756360376266561       0.7243639623733381       -0.22242192606595168     -0.2926395910870213
67.99999999999999        1239.9999999999998       304.66713211382114       0.28751377759137386      0.7124862224084492       -1.0318362041350886      -0.7071130606306747
67.99999999999999        1250                     304.66713211382114       0.29479827729706354      0.7052017227028898       -1.8306611760975207      -1.1190019139724319
67.99999999999999        1259.9999999999998       304.66713211382114       0.29662366411955443      0.7033763358805438       -2.6246248733969106      -1.5296657957573476
67.99999999999999        1270                     304.66713211382114       0.2927603212870151       0.7072396787133958       2.8636224618483794       -1.9405537677625777
67.99999999999999        1279.9999999999998       304.66713211382114       0.28370545029496225      0.7162945497051648       2.061642317808287        -2.3532289028155104
67.99999999999999        1290                     304.66713211382114       0.27050847174337506      0.7294915282564455       1.2470824318800975       -2.768915150745747
67.99999999999999        1300                     304.66713211382114       0.25486930180602         0.7451306981939555       0.4150931542793238       3.0946960216900004
70                       1200                     304.66713211382114       0.21655837984676055      0.783441620153237        2.6777423910213054       1.1459291646322103
70                       1210                     304.66713211382114       0.2281724127307299       0.7718275872693262       1.7951943775076162       0.717618207294947
70                       1220                     304.66713211382114       0.24373948372435056      0.7562605162756004       0.9337192779817785       0.2930052303731607
70                       1230                     304.66713211382114       0.26049797987719264      0.7395020201228664       0.09475415109603039      -0.12733423606828673
70                       1239.9999999999998       304.66713211382114       0.2758509459898329       0.724149054010211        -0.7239579329587417      -0.5433368071008061
70                       1250                     304.66713211382114       0.28773485146086625      0.7122651485392825       -1.5268644387042456      -0.9556852949823994
70                       1259.9999999999998       304.66713211382114       0.2946372045155699       0.7053627954843996       -2.319630550216913       -1.3655136565775767
70                       1270                     304.66713211382114       0.2958060796903215       0.7041939203095336       -3.1082124930066386      -1.7742753694663682
70                       1279.9999999999998       304.66713211382114       0.2911375199109307       0.7088624800892357       2.384613611204369        -2.1834840096625223
70                       1290                     304.66713211382114       0.2811087011491712       0.7188912988508412       1.586442085877956        -2.5946667976898974
70                       1300                     304.66713211382114       0.26693913082530163      0.7330608691746102       0.7746185869995745       -3.009129960014389
72                       1200                     304.66713211382114       0.20594978040877393      0.7940502195911988       3.073892571494722        1.3280422515818566
72                       1210                     304.66713211382114       0.2125411424241154       0.7874588575759078       2.1775283497391444       0.8985482352388975
72                       1220                     304.66713211382114       0.2253683915023381       0.77463160849757         1.2976578288324272       0.47167335929938214
72                       1230                     304.66713211382114       0.24196582888020343      0.7580341711197373       0.4405054313987155       0.04868142405098632
72                       1239.9999999999998       304.66713211382114       0.2595302168695352       0.7404697831303019       -0.39297768983920356     -0.36976372636222143
72                       1250                     304.66713211382114       0.2753839223360193       0.7246160776639814       -1.2056878038340695      -0.7837593682777771
72                       1259.9999999999998       304.66713211382114       0.28740834632010975      0.7125916536797307       -2.002677951197699       -1.1940859044587562
72                       1270                     304.66713211382114       0.29416203837959376      0.7058379616203792       -2.7898344602010066      -1.6019637941566593
72                       1279.9999999999998       304.66713211382114       0.2950105039138915       0.704989496086493        2.7103690063081127       -2.0087464805601165
72                       1290                     304.66713211382114       0.289802904825554        0.7101970951744386       1.9249207515282631       -2.416182773456958
72                       1300                     304.66713211382114       0.279064379795106        0.7209356202049897       1.131252880281499        -2.825700949817009
73.99999999999999        1200                     304.66713211382114       0.20096411133706077      0.7990358886628585       -2.782849918415876       1.520233201787118
73.99999999999999        1210                     304.66713211382114       0.20051660667984061      0.7994833933201598       2.597739816320549        1.090939378019461
73.99999999999999        1220                     304.66713211382114       0.20789801820112963      0.7921019817989027       1.7014881445199805       0.6626041096822046
73.99999999999999        1230                     304.66713211382114       0.22168790217690204      0.778312097823083        0.8234175266129418       0.23702527220069397
73.99999999999999        1239.9999999999998       304.66713211382114       0.2392220961284005       0.7607779038716224       -0.03033009012716808     -0.1844585377993703
73.99999999999999        1250                     304.66713211382114       0.2575900982636571       0.742409901736438        -0.8594898065331473      -0.6012492668225318
73.99999999999999        1259.9999999999998       304.66713211382114       0.27405066916191334      0.725949330838092        -1.6672285432931844      -1.0134547714409634
73.99999999999999        1270                     304.66713211382114       0.2864731891104187       0.7135268108896284       -2.458787564560965       -1.4218530594114602
73.99999999999999        1279.9999999999998       304.66713211382114       0.2934685257206117       0.7065314742793788       3.042924429401699        -1.827719000903484
73.99999999999999        1290                     304.66713211382114       0.294294399167275        0.7057056008330173       2.265286170019733        -2.2326030563196957
73.99999999999999        1300                     304.66713211382114       0.28888508303542854      0.7111149169646102       1.4854548527868656       -2.638068070118087
76                       1200                     304.66713211382114       0.2036484153918262       0.7963515846081674       -2.3356795698199297      1.7214206467437152
76                       1210                     304.66713211382114       0.1951111130407174       0.8048888869593237       3.0520197407245697       1.294286851488727
76                       1220                     304.66713211382114       0.19467317480897706      0.8053268251909425       2.1483571134398938       0.8660607139042598
76                       1230                     304.66713211382114       0.20243407204268646      0.797565927957549        1.2513879391114042       0.43875785588589705
76                       1239.9999999999998       304.66713211382114       0.21683714259518574      0.7831628574047671       0.3738117350697147       0.014300800674469321
76                       1250                     304.66713211382114       0.2351978267749145       0.7648021732249838       -0.477921267013899       -0.4058283324729282
76                       1259.9999999999998       304.66713211382114       0.25442402461199204      0.7455759753881004       -1.3038281337912463      -0.8211335536175427
76                       1270                     304.66713211382114       0.27174188855915027      0.728258111440817        -2.1075155819778653      -1.2317328261616025
76                       1279.9999999999998       304.66713211382114       0.2849044205347967       0.7150955794650925       -2.8943751818207066      -1.6383771076284908
76                       1290                     304.66713211382114       0.2924816669891525       0.7075183330108489       2.6125697690093688       -2.0423565598897993
76                       1300                     304.66713211382114       0.29371122568730573      0.7062887743127773       1.8406598715260842       -2.4452179399474163
78                       1200                     304.66713211382114       0.2146606546410795       0.7853393453587071       -1.8820401053923723      1.9297658421788983
78                       1210                     304.66713211382114       0.1987320234310512       0.8012679765689492       -2.7549434533156867      1.5071671539923976
78                       1220                     304.66713211382114       0.1893764887580477       0.8106235112418431       2.633130735837704        1.0813481332654542
78                       1230                     304.66713211382114       0.18838418673865473      0.8116158132613203       1.728156888181607        0.6541965754625733
78                       1239.9999999999998       304.66713211382114       0.19595743734541357      0.804042562654608        0.8295179644270795       0.22786532810935686
78                       1250                     304.66713211382114       0.21063178887615727      0.7893682111238717       -0.049123830378861644    -0.1955996254280344
78                       1259.9999999999998       304.66713211382114       0.22963140009393074      0.7703685999061953       -0.9008211629270343      -0.6147492639753187
78                       1270                     304.66713211382114       0.2497848463759513       0.7502151536239857       -1.7250985345051515      -1.0288606127068691
78                       1279.9999999999998       304.66713211382114       0.26814488716377133      0.7318551128364625       -2.525913672910603       -1.4380690065306658
78                       1290                     304.66713211382114       0.2824268181014937       0.7175731818985865       2.974338350686384        -1.8431374469574793
78                       1300                     304.66713211382114       0.29105018702898827      0.7089498129711804       2.2029839321624274       -2.245277419705714
79.99999999999999        1200                     304.66713211382114       0.2326533609556624       0.7673466390444632       -1.4359645765386715      2.143245454908508
79.99999999999999        1210                     304.66713211382114       0.2120377237364192       0.7879622762635284       -2.2751784448151926      1.7272695978126456
79.99999999999999        1220                     304.66713211382114       0.19476676239454396      0.8052332376054758       3.139599050146158        1.3065508355130249
79.99999999999999        1230                     304.66713211382114       0.18392893369287547      0.816071066307175        2.2463679412524704       0.882298939910562
79.99999999999999        1239.9999999999998       304.66713211382114       0.1816593190789599       0.8183406809210542       1.3403739332896192       0.45632344969398825
79.99999999999999        1250                     304.66713211382114       0.1884192620928179       0.8115807379072226       0.4388378564983471       0.030960241573030768
79.99999999999999        1259.9999999999998       304.66713211382114       0.20283690386898584      0.7971630961312094       -0.442875590893708       -0.39171015870918524
79.99999999999999        1270                     304.66713211382114       0.22226091271484205      0.7777390872851729       -1.2967686294341352      -0.8101646812107741
79.99999999999999        1279.9999999999998       304.66713211382114       0.243305955793121        0.7566940442066867       -2.121478672515773       -1.2234525613389373
79.99999999999999        1290                     304.66713211382114       0.26296177376920316      0.7370382262307373       -2.921037823755375       -1.631621102561272
79.99999999999999        1300                     304.66713211382114       0.2787262487122703       0.7212737512875784       2.5820174433132856       -2.035375558804844
82                       1200                     304.66713211382114       0.2541875457572921       0.7458124542426379       -1.0059278771986482      2.3601316282217626
82                       1210                     304.66713211382114       0.23293010134598743      0.7670698986539598       -1.8083980701734355      1.9521548609717294
82                       1220                     304.66713211382114       0.2111265511424898       0.788873448857496        -2.638513826176588       1.5388863273637023
82                       1230                     304.66713211382114       0.19210996911297545      0.8078900308873103       2.7837957358672334       1.12054022013059
82                       1239.9999999999998       304.66713211382114       0.1791811234615201       0.8208188765385641       1.8947337376634275       0.6981657593729108
82                       1250                     304.66713211382114       0.17480705551194392      0.8251929444880401       0.9886970537003785       0.27367127407452063
82                       1259.9999999999998       304.66713211382114       0.179855436252305        0.820144563747801        0.08328818081713497      -0.15077396872914658
82                       1270                     304.66713211382114       0.19335987292344234      0.8066401270766764       -0.8038754711516081      -0.5728792694564077
82                       1279.9999999999998       304.66713211382114       0.21273074113141385      0.7872692588686524       -1.6625706810267469      -0.9909165103035211
82                       1290                     304.66713211382114       0.2346149186247836       0.7653850813752576       -2.4904262205227754      -1.4037994494829542
82                       1300                     304.66713211382114       0.2556949134566632       0.7443050865432399       2.9922886669006017       -1.8113364712693563
84                       1200                     304.66713211382114       0.27424225442921335      0.7257577455706358       -0.5932605969986815      2.5796093129399287
84                       1210                     304.66713211382114       0.2567401764085661       0.7432598235914774       -1.3630356054295045      2.1797463352986957
84                       1220                     304.66713211382114       0.2352548883646015       0.7647451116354382       -2.1537788451928517      1.7751659141294434
84                       1230                     304.66713211382114       0.2123813036066587       0.7876186963933954       -2.971649428432133       1.3651789687110158
84                       1239.9999999999998       304.66713211382114       0.19133837012230345      0.8086616298776137       2.4617018995694764       0.9497270679571049
84                       1250                     304.66713211382114       0.17567728058996337      0.8243227194107509       1.580400988862392        0.5298231520586907
84                       1259.9999999999998       304.66713211382114       0.1682806738432969       0.8317193261561922       0.6763746443843792       0.10706281190895599
84                       1270                     304.66713211382114       0.17062100131286403      0.8293789986870939       -0.23293771292928236     -0.3163138773715546
84                       1279.9999999999998       304.66713211382114       0.18224034218147225      0.8177596578185465       -1.127959181224351       -0.7379759700733413
84                       1290                     304.66713211382114       0.20087995175032644      0.7991200482495165       -1.9947093735225927      -1.1559340247519951
84                       1300                     304.66713211382114       0.22321612570526383      0.7767838742945354       -2.8290732240460486      -1.568867822763033
85.99999999999999        1200                     304.66713211382114       0.2873820818098298       0.7126179181900798       -0.1921772950806706      2.8027512871162017
85.99999999999999        1210                     304.66713211382114       0.27740013531575747      0.7225998646842818       -0.9378659296920747      2.4097300654165403
85.99999999999999        1220                     304.66713211382114       0.2610842042557233       0.7389157957441211       -1.6957167978312968      2.0135453943453236
85.99999999999999        1230                     304.66713211382114       0.2399565325699295       0.760043467430178        -2.4723527017725577      1.612881472734552
85.99999999999999        1239.9999999999998       304.66713211382114       0.21632863358253926      0.7836713664173499       3.00806521682442         1.2067448846087325
85.99999999999999        1250                     304.66713211382114       0.19327589722540608      0.8067241027746507       2.173761840146296        0.7950033384344531
85.99999999999999        1259.9999999999998       304.66713211382114       0.17437296112956277      0.8256270388704199       1.3052673620258837       0.37826623527502473
85.99999999999999        1270                     304.66713211382114       0.16303615350726416      0.8369638464926789       0.40760297284254315      -0.0421387418468436
85.99999999999999        1279.9999999999998       304.66713211382114       0.16142845813700202      0.8385715418630836       -0.5043871298503735      -0.4642029204752567
85.99999999999999        1290                     304.66713211382114       0.1698852730131586       0.830114726986845        -1.4085449509073915      -0.8853638607812796
85.99999999999999        1300                     304.66713211382114       0.18669489851379414      0.8133051014860866       -2.287183054109714       -1.303455719104417
88                       1200                     304.66713211382114       0.2884623145505419       0.7115376854492687       0.20782895653732045      3.0324674017889093
88                       1210                     304.66713211382114       0.288575331478576        0.7114246685214948       -0.5246605245536224      2.6436168932121493
88                       1220                     304.66713211382114       0.2812434363134985       0.7187565636864962       -1.2600867656027133      2.2539887263393563
88                       1230                     304.66713211382114       0.2670279762986465       0.7329720237011513       -2.0050074123479074      1.8617919696910648
88                       1239.9999999999998       304.66713211382114       0.24708742919053725      0.7529125708094327       -2.766013049542311       1.4655277031364318
88                       1250                     304.66713211382114       0.22336375525896845      0.7766362447409347       2.7328813761948862       1.0640755692899724
88                       1259.9999999999998       304.66713211382114       0.19863924355328816      0.8013607564466899       1.9184784767230167       0.6569337110143265
88                       1270                     304.66713211382114       0.17644648981241776      0.8235535101874594       1.068807038435468        0.24424128959513194
88                       1279.9999999999998       304.66713211382114       0.16043085299987625      0.8395691470003168       0.18402162191559868      -0.17305119074029726
88                       1290                     304.66713211382114       0.15356332645760043      0.8464366735421895       -0.7252454443712145      -0.5930541201525557
88                       1300                     304.66713211382114       0.1572058661465865       0.8427941338532906       -1.6380103024709824      -1.0134133306234432
90                       1200                     304.66713211382114       0.2732879049133024       0.7267120950864618       0.6234792635234101       -3.009235545371242
90                       1210                     304.66713211382114       0.2846429209393002       0.7153570790604529       -0.10869276717271213     2.8857597296190023
90                       1220                     304.66713211382114       0.2886483457430076       0.7113516542571015       -0.8345198028015334      2.4993853894821294
90                       1230                     304.66713211382114       0.2850162602115638       0.7149837397884522       -1.560150687470341       2.113030746700806
90                       1239.9999999999998       304.66713211382114       0.27397334249910416      0.7260266575007119       -2.292056982944282       1.7249103967569508
90                       1250                     304.66713211382114       0.25636368047941055      0.7436363195204723       -3.0362712725710654      1.3335313598364467
90                       1259.9999999999998       304.66713211382114       0.2336466327606089       0.7663533672394343       2.4833177549513947       0.9375110435595846
90                       1270                     304.66713211382114       0.20816360017050287      0.7918363998294992       1.6924469142794494       0.5357820793776964
90                       1279.9999999999998       304.66713211382114       0.18307989157877283      0.8169201084212329       0.867980414221118        0.12825692211377715
90                       1290                     304.66713211382114       0.1621550433955276       0.8378449566045396       0.004970408666468816     -0.2847282008455665
90                       1300                     304.66713211382114       0.14897679337861977      0.8510232066214083       -0.8922135185986078      -0.7016598316493144
91.99999999999999        1200                     304.66713211382114       0.2396795148159869       0.7603204851838495       1.080256033531986        -2.7485877547422595
91.99999999999999        1210                     304.66713211382114       0.2614373980652608       0.7385626019344605       0.33186077003523634      -3.140251556732985
91.99999999999999        1220                     304.66713211382114       0.27731586759362464      0.7226841324064619       -0.39968675131714193     2.75553197674617
91.99999999999999        1230                     304.66713211382114       0.28616402392454476      0.7138359760755163       -1.120943241205871       2.370964508240871
91.99999999999999        1239.9999999999998       304.66713211382114       0.2873277839742501       0.7126722160256558       -1.8382243820541688      1.9875491331494735
91.99999999999999        1250                     304.66713211382114       0.28076970218936076      0.7192302978106079       -2.557706861103919       1.603474952915982
91.99999999999999        1259.9999999999998       304.66713211382114       0.2669153841764892       0.7330846158235118       2.997785895341482        1.2171323425103908
91.99999999999999        1270                     304.66713211382114       0.24676532663842685      0.7532346733613935       2.255270966931243        0.8268986887078581
91.99999999999999        1279.9999999999998       304.66713211382114       0.22201976189102657      0.7779802381088052       1.4906042400191355       0.4315269884696593
91.99999999999999        1290                     304.66713211382114       0.195325099560229        0.8046749004397294       0.6961972759295167       0.030319465615712905
91.99999999999999        1300                     304.66713211382114       0.17012102385851166      0.8298789761416274       -0.13547704803560795     -0.3768616551111663
94                       1200                     304.66713211382114       0.19056058524240793      0.8094394147575931       1.6187430660817212       -2.4602258458137074
94                       1210                     304.66713211382114       0.21820845127578584      0.7817915487242839       0.8310872101423402       -2.858969797335962
94                       1220                     304.66713211382114       0.2437744040267289       0.7562255959737683       0.07375780391514972      3.0314061619337993
94                       1230                     304.66713211382114       0.2646723042601378       0.7353276957398927       -0.6614207364009776      2.6437228178629018
94                       1239.9999999999998       304.66713211382114       0.2791635500476871       0.7208364499524217       -1.3814652702213053      2.260062342387365
94                       1250                     304.66713211382114       0.2862639965405714       0.7137360034592642       -2.093080118131444       1.8787775970862988
94                       1259.9999999999998       304.66713211382114       0.2855524591970636       0.714447540802789        -2.8022585863097333      1.4982501350702686
94                       1270                     304.66713211382114       0.27706885820411736      0.7229311417958391       2.768284009446908        1.1166793363375553
94                       1279.9999999999998       304.66713211382114       0.2613261027614034       0.7386738972386524       2.0459062457769748       0.7323666226259632
94                       1290                     304.66713211382114       0.23942416422442808      0.7605758357757454       1.307367604843369        0.34388626149543505
94                       1300                     304.66713211382114       0.2132352304337722       0.7867647695662237       0.5451660370100008       -0.04996559797516024
96                       1200                     304.66713211382114       0.13921070473565741      0.8607892952643101       2.3042459562652575       -2.137207638411341
96                       1210                     304.66713211382114       0.16239849925653596      0.8376015007435353       1.4460683513249613       -2.5442024461742205
96                       1220                     304.66713211382114       0.19021082184191626      0.8097891781577853       0.6329113428710121       -2.9455773344409453
96                       1230                     304.66713211382114       0.21866898775454582      0.7813310122453747       -0.14212210920015417     2.9423384597484112
96                       1239.9999999999998       304.66713211382114       0.24446674720637798      0.7555332527934987       -0.8875142603801919      2.553114305055138
96                       1250                     304.66713211382114       0.2651698011769281       0.7348301988228146       -1.611946434385755       2.168863365453016
96                       1259.9999999999998       304.66713211382114       0.2791762766221908       0.7208237233779063       -2.3221635836178525      1.7885361330529683
96                       1270                     304.66713211382114       0.2856439461087262       0.7143560538913942       -3.0248135254590918      1.4104194259627245
96                       1279.9999999999998       304.66713211382114       0.28416926827094624      0.7158307317291247       2.5575014444783277       1.0328227748634506
96                       1290                     304.66713211382114       0.274850138820966        0.7251498611789915       1.8526766603746367       0.6540460197177553
96                       1300                     304.66713211382114       0.2582372158005739       0.741762784199565        1.138012875266587        0.27246805609751107
97.99999999999999        1200                     304.66713211382114       0.11168120331323379      0.8883187966867755       -3.0897707591775636      -1.7798810926808446
97.99999999999999        1210                     304.66713211382114       0.11620548249305199      0.8837945175068724       2.2617895689344234       -2.190917664485026
97.99999999999999        1220                     304.66713211382114       0.13207892079208838      0.8679210792079058       1.3606020622382704       -2.5997224521126476
97.99999999999999        1230                     304.66713211382114       0.15640005314009517      0.8435999468599089       0.506806639613427        -3.004247599381502
97.99999999999999        1239.9999999999998       304.66713211382114       0.18525089335508824      0.8147491066449636       -0.2991462458702807      2.8801971244494076
97.99999999999999        1250                     304.66713211382114       0.21465007650862522      0.7853499234913914       -1.0661308671492598      2.48766560501437
97.99999999999999        1259.9999999999998       304.66713211382114       0.241289052561831        0.7587109474380609       -1.8032029383903372      2.101227325029971
97.99999999999999        1270                     304.66713211382114       0.26272752213679046      0.7372724778629719       -2.5191934727789334      1.7199118734161256
97.99999999999999        1279.9999999999998       304.66713211382114       0.27743012961763386      0.7225698703822296       3.0620175400264475       1.3424568258819491
97.99999999999999        1290                     304.66713211382114       0.2845025252579329       0.7154974747420195       2.367896663618252        0.9673439992098196
97.99999999999999        1300                     304.66713211382114       0.2835996072845342       0.7164003927155174       1.6758332635119908       0.5928784197439475
100                      1200                     304.66713211382114       0.13131593940713335      0.8686840605928857       -2.1292036031959913      -1.4012546529402943
100                      1210                     304.66713211382114       0.1115008787028092       0.8884991212972421       -3.015599773376088       -1.8064473950268347
100                      1220                     304.66713211382114       0.10243070906672522      0.8975692909333087       2.3380939261312945       -2.214612631141927
100                      1230                     304.66713211382114       0.10581986944582111      0.8941801305541601       1.3987110731012449       -2.6234900141824817
100                      1239.9999999999998       304.66713211382114       0.12100982465409624      0.8789901753458881       0.4895494220786865       -3.030321476839037
100                      1250                     304.66713211382114       0.1452580582527454       0.8547419417472892       -0.36806488318848835     2.8501507811260023
100                      1259.9999999999998       304.66713211382114       0.17469578711419056      0.8253042128859026       -1.174288442289926       2.4531309904998895
100                      1270                     304.66713211382114       0.20519343510831656      0.7948065648918223       -1.9388032057769193      2.0623537286092715
100                      1279.9999999999998       304.66713211382114       0.2333569578454177       0.7666430421546034       -2.6717162385595103      1.6778016346525055
100                      1290                     304.66713211382114       0.25661894025098864      0.7433810597492002       2.901095299803069        1.2986175974572554
100                      1300                     304.66713211382114       0.2732733695861601       0.7267266304135795       2.205816631502717        0.9235854716508767
101.99999999999999       1200                     304.66713211382114       0.19066681874242628      0.8093331812577476       -1.324217468840178       -1.021786031900432
101.99999999999999       1210                     304.66713211382114       0.1591100226270935       0.8408899773729314       -2.0914190860646453      -1.411531553071237
101.99999999999999       1220                     304.66713211382114       0.12981775326471115      0.870182246735331        -2.905360601580591       -1.8075286640599921
101.99999999999999       1230                     304.66713211382114       0.10687584449993119      0.8931241555000344       2.507121638009343        -2.2089444576065405
101.99999999999999       1239.9999999999998       304.66713211382114       0.09405806528939682      0.9059419347105543       1.5824155377614952       -2.6140118977728193
101.99999999999999       1250                     304.66713211382114       0.0936972611132131       0.9063027388868179       0.6327404512542387       -3.020453678370396
101.99999999999999       1259.9999999999998       304.66713211382114       0.10580730829161966      0.8941926917082432       -0.2943884445143553      2.857524871372189
101.99999999999999       1270                     304.66713211382114       0.1282632502143421       0.8717367497854823       -1.1686041767508801      2.455845056189867
101.99999999999999       1279.9999999999998       304.66713211382114       0.1573118400957665       0.8426881599043125       -1.9856663719031034      2.0594575586754496
101.99999999999999       1290                     304.66713211382114       0.1888342221154565       0.8111657778845829       -2.7553434197832223      1.6693479127523259
101.99999999999999       1300                     304.66713211382114       0.21906201083803334      0.780937989162057        2.7936203908134805       1.28550333351716
103.99999999999999       1200                     304.66713211382114       0.2528014230839601       0.7471985769161001       -0.6809547115666271      -0.6539030884942448
103.99999999999999       1210                     304.66713211382114       0.2287391965460011       0.7712608034540218       -1.3702550078940063      -1.026254324946644
103.99999999999999       1220                     304.66713211382114       0.19942714088462718      0.8005728591153107       -2.080748712262593       -1.4039438188742783
103.99999999999999       1230                     304.66713211382114       0.16725825480144443      0.8327417451985396       -2.821015727524516       -1.7877094131215914
103.99999999999999       1239.9999999999998       304.66713211382114       0.1354861730736952       0.8645138269263111       2.67996677255586         -2.1778888925792383
103.99999999999999       1250                     304.66713211382114       0.10809574595265609      0.8919042540473614       1.842205311281199        -2.574044912337642
103.99999999999999       1259.9999999999998       304.66713211382114       0.0892151794658116       0.9107848205342209       0.9406508239204588       -2.9747751400902898
103.99999999999999       1270                     304.66713211382114       0.08206602398714569      0.9179339760128656       -0.011056153396033256    2.905053586112441
103.99999999999999       1279.9999999999998       304.66713211382114       0.08789719432259115      0.9121028056774938       -0.9655884930034182      2.5015490958785263
103.99999999999999       1290                     304.66713211382114       0.10567855685858336      0.8943214431414851       -1.8736806645692194      2.100441247563768
103.99999999999999       1300                     304.66713211382114       0.1323330652482167       0.8676669347516515       -2.7176922508680854      1.7037864754852925
106                      1200                     304.66713211382114       0.280916120674944        0.7190838793251522       -0.12166812291211308     -0.29226152183224424
106                      1210                     304.66713211382114       0.2756787439355482       0.7243212560646117       -0.7752348193593392      -0.6532327744571796
106                      1220                     304.66713211382114       0.2626155812821976       0.7373844187176865       -1.4343000007735573      -1.016065422504551
106                      1230                     304.66713211382114       0.24227288756878518      0.7577271124313086       -2.1029120632641223      -1.381982607847923
106                      1239.9999999999998       304.66713211382114       0.2156128770189713       0.7843871229810396       -2.787604664848549       -1.7525858764347402
106                      1250                     304.66713211382114       0.18430214330618877      0.8156978566937103       2.787967358832075        -2.1287287149775764
106                      1259.9999999999998       304.66713211382114       0.15102169345360686      0.8489783065462465       2.0476002787490457       -2.511104797225303
106                      1270                     304.66713211382114       0.11915469470704801      0.8808453052929929       1.260216481355488        -2.8999575752549296
106                      1279.9999999999998       304.66713211382114       0.0928563093119414       0.9071436906882473       0.41077672631196316      2.9888857122471557
106                      1290                     304.66713211382114       0.07610256333660446      0.9238974366633546       -0.5107561628937247      2.5901727825224135
106                      1300                     304.66713211382114       0.07169253624957841      0.9283074637505871       -1.4814402066091563      2.1894859673940834
107.99999999999999       1200                     304.66713211382114       0.2516619567144911       0.7483380432856296       0.4334840793230971       0.08676565723045775
107.99999999999999       1210                     304.66713211382114       0.2686229367377699       0.7313770632622434       -0.21815124305700237     -0.2735803256405802
107.99999999999999       1220                     304.66713211382114       0.2780267583021546       0.7219732416979296       -0.8629470399336522      -0.6315058000283302
107.99999999999999       1230                     304.66713211382114       0.2795576889776272       0.7204423110224181       -1.5048229098855246      -0.9883700870552528
107.99999999999999       1239.9999999999998       304.66713211382114       0.2731585362176246       0.7268414637822945       -2.147940051582435       -1.3457062109127012
107.99999999999999       1250                     304.66713211382114       0.2590378417729026       0.7409621582270278       -2.7964050515018335      -1.7049624378645643
107.99999999999999       1259.9999999999998       304.66713211382114       0.23773564040503287      0.7622643595949006       2.828339189807847        -2.0676126658670793
107.99999999999999       1270                     304.66713211382114       0.21022110719760106      0.7897788928025583       2.1546542777392967       -2.4347450729687186
107.99999999999999       1279.9999999999998       304.66713211382114       0.17817413195211182      0.8218258680480532       1.4583937495320651       -2.807564687887825
107.99999999999999       1290                     304.66713211382114       0.14403612363695215      0.855963876362927        0.72974753629001         3.0966373166535095
107.99999999999999       1300                     304.66713211382114       0.11132590297505626      0.8886740970246644       -0.04567751176312648     2.7113301164770554
109.99999999999999       1200                     304.66713211382114       0.1586695253306714       0.8413304746693165       1.0950167331711074       0.5204460555422483
109.99999999999999       1210                     304.66713211382114       0.19257148261133775      0.8074285173886641       0.4010933343090048       0.149068376130296
109.99999999999999       1220                     304.66713211382114       0.222831768396516        0.7771682316033759       -0.26820430901681597     -0.21660527808203814
109.99999999999999       1230                     304.66713211382114       0.24747463426637065      0.7525253657335154       -0.9204506158155357      -0.5772719988303883
109.99999999999999       1239.9999999999998       304.66713211382114       0.26541493815310246      0.734585061846772        -1.5609299990327197      -0.9339738267719917
109.99999999999999       1250                     304.66713211382114       0.2759299792990777       0.7240700207007608       -2.194644056502244       -1.2881689604680706
109.99999999999999       1259.9999999999998       304.66713211382114       0.2787196445183901       0.721280355481629        -2.825294098462279       -1.6411561571139919
109.99999999999999       1270                     304.66713211382114       0.2737216992910427       0.7262783007090285       2.826924411824836        -1.9942733288169023
109.99999999999999       1279.9999999999998       304.66713211382114       0.26104276313837627      0.7389572368616476       2.191427071722312        -2.3491378785355312
109.99999999999999       1290                     304.66713211382114       0.24110112132388253      0.7588988786760775       1.5480748742612132       -2.7068455861489724
109.99999999999999       1300                     304.66713211382114       0.21467143082025672      0.7853285691797434       0.891839934832822        -3.068777717837764
112                      1200                     304.66713211382114       0.05120181544490238      0.9487981845551047       2.20095723486482         1.0437721795121986
112                      1210                     304.66713211382114       0.0739717641587238       0.9260282358413471       1.3125236353168706       0.6572794445288426
112                      1220                     304.66713211382114       0.10475095474294896      0.8952490452570545       0.5198865194622164       0.27548600027797365
112                      1230                     304.66713211382114       0.139515997124502        0.8604840028754541       -0.2102490173986958      -0.10041138149065523
112                      1239.9999999999998       304.66713211382114       0.17463723402754175      0.8253627659725928       -0.900156195829473       -0.4701672881791308
112                      1250                     304.66713211382114       0.207059196874923        0.7929408031253687       -1.5634151096761038      -0.8339994159038188
112                      1259.9999999999998       304.66713211382114       0.23459145100553636      0.7654085489944339       -2.208238487610496       -1.1925482594503543
112                      1270                     304.66713211382114       0.2559051082521634       0.7440948917478489       -2.8405454639382413      -1.5468142575215764
112                      1279.9999999999998       304.66713211382114       0.27019982520053953      0.7298001747994762       2.8183008562289333       -1.8979998185632487
112                      1290                     304.66713211382114       0.27703880789855323      0.7229611921013415       2.1988323575589783       -2.247212388365056
112                      1300                     304.66713211382114       0.27626181818055656      0.7237381818195401       1.5804812460404782       -2.5959710340481528
113.99999999999999       1200                     304.66713211382114       0.06104464406346055      0.9389553559365592       -2.061984797255111       1.6368147526771253
113.99999999999999       1210                     304.66713211382114       0.0392293490509204       0.9607706509491342       -2.959817278263363       1.2540689927482345
113.99999999999999       1220                     304.66713211382114       0.02886864123037935      0.9711313587695811       2.2742904195852582       0.8685944042032154
113.99999999999999       1230                     304.66713211382114       0.031596993116628704     0.968403006883396        1.167463319611322        0.48247279664342546
113.99999999999999       1239.9999999999998       304.66713211382114       0.04699876484972034      0.9530012351502278       0.1807268035880945       0.09787791528315783
113.99999999999999       1250                     304.66713211382114       0.07276200187349272      0.9272379981263793       -0.6641771270509879      -0.2832611117350608
113.99999999999999       1259.9999999999998       304.66713211382114       0.10532264702842001      0.8946773529715586       -1.417893400423209       -0.6593495817252493
113.99999999999999       1270                     304.66713211382114       0.14090677165704793      0.859093228342775        -2.11763117067388        -1.0295846887078077
113.99999999999999       1279.9999999999998       304.66713211382114       0.17597554145252342      0.8240244585475872       -2.7836513076559877      -1.3938503544539633
113.99999999999999       1290                     304.66713211382114       0.20794588613387607      0.7920541138660504       2.8558476745812844       -1.7524570609547312
113.99999999999999       1300                     304.66713211382114       0.2348510948022714       0.7651489051978629       2.227554536516047        -2.106063570850743
115.99999999999999       1200                     304.66713211382114       0.18970981101239257      0.8102901889877515       -0.9932885380323201      2.213714728538588
115.99999999999999       1210                     304.66713211382114       0.15606071146173764      0.843939288538341        -1.6273859624240286      1.85718555971835
115.99999999999999       1220                     304.66713211382114       0.12032521622517348      0.8796747837748676       -2.284274477201121       1.495053723812066
115.99999999999999       1230                     304.66713211382114       0.08534062554202106      0.9146593744580546       -2.976755530443468       1.1270552132489273
115.99999999999999       1239.9999999999998       304.66713211382114       0.05455373474663821      0.9454462652534217       2.5534223561092846       0.7537828044747774
115.99999999999999       1250                     304.66713211382114       0.0316589086009791       0.9683410913990407       1.6846508774486888       0.37595322691444655
115.99999999999999       1259.9999999999998       304.66713211382114       0.01968764116855379      0.9803123588314322       0.6154966244093069       -0.004604497520462312
115.99999999999999       1270                     304.66713211382114       0.020424346508158314     0.9795756534917547       -0.5866689772836201      -0.3861415533573843
115.99999999999999       1279.9999999999998       304.66713211382114       0.03375096613296696      0.9662490338670825       -1.6303907459079021      -0.7665115926726891
115.99999999999999       1290                     304.66713211382114       0.057728874464064626     0.9422711255359125       -2.4816663198468527      -1.143818666697589
115.99999999999999       1300                     304.66713211382114       0.08916080651934212      0.9108391934806341       3.0571115756727876       -1.5166068096384389
118                      1200                     304.66713211382114       0.2723106047233317       0.7276893952766031       -0.3130711149148453      2.743498411678148
118                      1210                     304.66713211382114       0.2642228857463351       0.7357771142536621       -0.8933428520602301      2.4074068839461122
118                      1220                     304.66713211382114       0.2495685688458797       0.7504314311540434       -1.4766493449582603      2.069602769581117
118                      1230                     304.66713211382114       0.22861508634959476      0.7713849136502152       -2.0652106731259985      1.7289281168249355
118                      1239.9999999999998       304.66713211382114       0.20192972165995857      0.7980702783400371       -2.6610997886174608      1.384581852042721
118                      1250                     304.66713211382114       0.17052492980893905      0.8294750701909726       3.0155866961885165       1.035675435108321
118                      1259.9999999999998       304.66713211382114       0.1359274249261127       0.8640725750738303       2.394299581592351        0.6815414699964416
118                      1270                     304.66713211382114       0.10032919904904615      0.8996708009509059       1.7517521518009602       0.32202151797535383
118                      1279.9999999999998       304.66713211382114       0.06669599737667317      0.9333040026234074       1.0742040526012477       -0.04294559684857857
118                      1290                     304.66713211382114       0.038336108155169225     0.9616638918447662       0.33057016339502215      -0.4128598405471237
118                      1300                     304.66713211382114       0.018615092070427178     0.9813849079296022       -0.5627232542071435      -0.7865247086669296
120                      1200                     304.66713211382114       0.21601810643700123      0.7839818935630669       0.29542193518767296      -2.9874263193632014
120                      1210                     304.66713211382114       0.2389757190128549       0.7610242809871104       -0.27927260128322784     2.9585425717356464
120                      1220                     304.66713211382114       0.25628561937358163      0.7437143806265532       -0.8493657460651056      2.6244005602338136
120                      1230                     304.66713211382114       0.26752843524362335      0.7324715647562714       -1.4159661675734696      2.292439554718546
120                      1239.9999999999998       304.66713211382114       0.2725037123585265       0.7274962876414669       -1.9814859601300303      1.961487536891455
120                      1250                     304.66713211382114       0.27117784278878954      0.728822157211326        -2.546159268669861       1.6309883367568665
120                      1259.9999999999998       304.66713211382114       0.2635698219962883       0.73643017800384         -3.111740963815975       1.2997916209073541
120                      1270                     304.66713211382114       0.24977249433585008      0.7502275056641298       2.6033473647471213       0.9669788028177217
120                      1279.9999999999998       304.66713211382114       0.23005849880412052      0.7699415011958195       2.0318052424127857       0.631731296884299
120                      1290                     304.66713211382114       0.20484522244480877      0.7951547775549933       1.4547448385145703       0.2930366296135507
120                      1300                     304.66713211382114       0.17497879748210354      0.8250212025178978       0.8703846638027595       -0.049814548952357075
