% Model:              nanoholes_rw_sweep.mph
% Version:            COMSOL 6.0.0.405
% Date:               Apr 15 2024, 11:39
% Table:              Table 1 - Reflectance, Transmittance, and Absorptance (ewfd)
% r (nm)                 h_meta (nm)              freq (THz)               reflection (1)           transmission (1)         reflection_phi (rad)     transmission_phi (rad)
19.999999999999996       1400                     304.66713211382114       0.3018080569636308       0.6981919430364042       -1.3729291967237651      2.2547609931702213
19.999999999999996       1409.9999999999998       304.66713211382114       0.3037900376947283       0.6962099623051705       -2.253723423293247       1.8137335527591731
19.999999999999996       1420                     304.66713211382114       0.3052284107379707       0.6947715892620564       -3.132205355916078       1.373204976067719
19.999999999999996       1430                     304.66713211382114       0.3059073688665003       0.6940926311339835       2.273990332544692        0.9330680941041424
19.999999999999996       1440                     304.66713211382114       0.3056590940795537       0.6943409059204675       1.3972193837633355       0.49296126412424734
19.999999999999996       1450                     304.66713211382114       0.3045275323011765       0.6954724676989988       0.5195372336629658       0.05263100325902169
19.999999999999996       1459.9999999999998       304.66713211382114       0.30277770766445916      0.6972222923356354       -0.36013549496963687     -0.38817880963661744
19.999999999999996       1470                     304.66713211382114       0.30069480873355525      0.69930519126649         -1.2423734687709778      -0.8295578232716081
19.999999999999996       1479.9999999999998       304.66713211382114       0.29868493407960045      0.7013150659204468       -2.1274314672273142      -1.2715867787815671
19.999999999999996       1490                     304.66713211382114       0.2970918522839274       0.7029081477160675       -3.0150376120065516      -1.7142270795054786
19.999999999999996       1499.9999999999998       304.66713211382114       0.2962738888851831       0.7037261111147644       2.3789236151551476       -2.157209365661911
22                       1400                     304.66713211382114       0.30018693195124063      0.6998130680485946       -1.2346834887650728      2.3246137431678044
22                       1409.9999999999998       304.66713211382114       0.30261319920669894      0.6973868007934616       -2.1149130746632574      1.8839914908088051
22                       1420                     304.66713211382114       0.30454486339698533      0.6954551366031148       -2.9922840340224757      1.443988616290507
22                       1430                     304.66713211382114       0.3056045282688861       0.6943954717310108       2.4156327293977395       1.0045011590814779
22                       1440                     304.66713211382114       0.3056529855552503       0.6943470144447907       1.5411105167183328       0.5652019748506323
22                       1450                     304.66713211382114       0.30462744282662757      0.6953725571733361       0.665807438857548        0.1256695792983745
22                       1459.9999999999998       304.66713211382114       0.30277355713748216      0.6972264428625453       -0.2113515428518005      -0.3142625910408047
22                       1470                     304.66713211382114       0.30038408839613595      0.6996159116039319       -1.0913947668598738      -0.7548693224120078
22                       1479.9999999999998       304.66713211382114       0.29791131311947266      0.7020886868807544       -1.9747735390647272      -1.196251040013884
22                       1490                     304.66713211382114       0.2958552089885951       0.7041447910113396       -2.861281763214834       -1.638361356309112
22                       1499.9999999999998       304.66713211382114       0.29457334947747577      0.705426650521838        2.533016548184205        -2.080994025573438
24                       1400                     304.66713211382114       0.29821933044694954      0.7017806695528075       -1.0881498408360386      2.3985740812188694
24                       1409.9999999999998       304.66713211382114       0.3011138101904371       0.6988861898095315       -1.9682049164965862      1.9582531671026302
24                       1420                     304.66713211382114       0.3035566789579547       0.696443321042019        -2.84462953510092        1.5187622927278994
24                       1430                     304.66713211382114       0.30515488844634775      0.694845111553241        2.5648599356644755       1.0799273708094075
24                       1440                     304.66713211382114       0.3055690711478768       0.6944309288520487       1.6924386412568797       0.641367276559081
24                       1450                     304.66713211382114       0.30476308667919605      0.6952369133207359       0.8198056230736581       0.202771629303151
24                       1459.9999999999998       304.66713211382114       0.30289866232122115      0.6971013376787293       -0.05466750174351462     -0.23625241789360432
24                       1470                     304.66713211382114       0.3002749398576213       0.6997250601422936       -0.9321425428791849      -0.6759881865566086
24                       1479.9999999999998       304.66713211382114       0.2973809402288413       0.7026190597710177       -1.8133508127800144      -1.1165998064776623
24                       1490                     304.66713211382114       0.29478753770515387      0.7052124622976469       -2.6983216662439533      -1.5580641679932217
24                       1499.9999999999998       304.66713211382114       0.29295972078901045      0.70704027921111         2.6967087989052114       -2.000257413610916
25.999999999999996       1400                     304.66713211382114       0.295871200000421        0.7041287999995873       -0.9334531473691322      2.4765032381038843
25.999999999999996       1409.9999999999998       304.66713211382114       0.2991986129704197       0.7008013870295385       -1.8137417829287235      2.036421892026143
25.999999999999996       1420                     304.66713211382114       0.3022240810055946       0.6977759189942874       -2.689521208064973       1.5973920326328719
25.999999999999996       1430                     304.66713211382114       0.3043988463754055       0.6956011536245111       2.7212142008552536       1.1591149464851513
25.999999999999996       1440                     304.66713211382114       0.3053548264112214       0.6946451735888954       1.850831805177262        0.7213255801285806
25.999999999999996       1450                     304.66713211382114       0.30489434804156784      0.6951056519582846       0.9808459338430561       0.2836378235283753
25.999999999999996       1459.9999999999998       304.66713211382114       0.3031557938139337       0.6968442061862463       0.10939836167507416      -0.1543931811726422
25.999999999999996       1470                     304.66713211382114       0.3004010909971019       0.6995989090029643       -0.7651235858619879      -0.5931534821986292
25.999999999999996       1479.9999999999998       304.66713211382114       0.29713589272658847      0.7028641072735671       -1.643692912684335       -1.0328421971487158
25.999999999999996       1490                     304.66713211382114       0.29396696249650045      0.7060330375037346       -2.5266687983308382      -1.473552301200797
25.999999999999996       1499.9999999999998       304.66713211382114       0.29152333274150066      0.7084766672584505       2.869626145435735        -1.9151457374125314
28                       1400                     304.66713211382114       0.2931832273777937       0.7068167726217385       -0.7704526009247226      2.558412289324219
28                       1409.9999999999998       304.66713211382114       0.296872533010554        0.7031274669896761       -1.6513405779767956      2.118484980669313
28                       1420                     304.66713211382114       0.30048373700293707      0.6995162629971517       -2.5270723611258084      1.6797692346226025
28                       1430                     304.66713211382114       0.30333066206298553      0.6966693379396534       2.884695194194534        1.2420608485834508
28                       1440                     304.66713211382114       0.30492397195710536      0.6950760280429497       2.0160859644498244       0.8049822450750483
28                       1450                     304.66713211382114       0.3049721538380981       0.6950278461618283       1.1487027788696116       0.36821154783910354
28                       1459.9999999999998       304.66713211382114       0.30352259894294775      0.6964774010571306       0.2803234482275716       -0.06879850396217642
28                       1470                     304.66713211382114       0.30073917787691984      0.6992608221231712       -0.591223364105212       -0.5066565318615965
28                       1479.9999999999998       304.66713211382114       0.2972160911110317       0.702783908889017        -1.466355857847257       -0.9451705038630959
28                       1490                     304.66713211382114       0.29349749582934603      0.7065025041707595       -2.3466574126616067      -1.3849487042053483
28                       1499.9999999999998       304.66713211382114       0.2903490914915741       0.70965090850837         3.051481786893916        -1.8257908157672489
30                       1400                     304.66713211382114       0.29013278631581907      0.709867213684153        -0.5991488472576059      2.644215669144011
30                       1409.9999999999998       304.66713211382114       0.29408701756732286      0.7059129824325133       -1.480934473772765       2.2044421022788954
30                       1420                     304.66713211382114       0.2982670231528496       0.7017329768472942       -2.357146316756787       1.7659137538787237
30                       1430                     304.66713211382114       0.3018136709723206       0.6981863290276908       3.0551112614456586       1.3286137527432638
30                       1440                     304.66713211382114       0.3041797325722473       0.6958202674279236       2.188064595391433        0.8922306631691044
30                       1450                     304.66713211382114       0.30489681786100775      0.6951031821389277       1.3230354345452644       0.45631935820373737
30                       1459.9999999999998       304.66713211382114       0.30388986552194563      0.6961101344778269       0.45771020060528705      0.02033102321945837
30                       1470                     304.66713211382114       0.30128481588950107      0.6987151841103665       -0.40977896026182736     -0.41612969689104085
30                       1479.9999999999998       304.66713211382114       0.29759928265168445      0.7024007173484479       -1.2816914723819879      -0.85368165489972
30                       1490                     304.66713211382114       0.2934243405280923       0.7065756594716949       -2.158770990242599       -1.2923891468038236
30                       1499.9999999999998       304.66713211382114       0.2895338866333296       0.710466113366611        -3.0413537129098938      -1.7323597689499988
31.999999999999996       1400                     304.66713211382114       0.2867255162157006       0.7132744837842941       -0.4190957036773655      2.73402933836516
31.999999999999996       1409.9999999999998       304.66713211382114       0.29085330134930887      0.709146698650745        -1.3023183887111003      2.294282510398419
31.999999999999996       1420                     304.66713211382114       0.2955045727791331       0.7044954272208704       -2.179422541570542       1.8558776802612607
31.999999999999996       1430                     304.66713211382114       0.2998172148254183       0.7001827851746864       -3.050465734421957       1.418902837751239
31.999999999999996       1440                     304.66713211382114       0.30301957645282274      0.6969804235471443       2.366668443019288        0.9830638835474307
31.999999999999996       1450                     304.66713211382114       0.30454940374319667      0.6954505962568703       1.503787782517004        0.5479792583607527
31.999999999999996       1459.9999999999998       304.66713211382114       0.3041832223574818       0.6958167776422304       0.6416161646182682       0.11307619106112414
31.999999999999996       1470                     304.66713211382114       0.30195995597803815      0.6980400440220829       -0.22231711355836611     -0.3222317052679592
31.999999999999996       1479.9999999999998       304.66713211382114       0.29826168985208507      0.7017383101476378       -1.0900928529450833      -0.7584720038183093
31.999999999999996       1490                     304.66713211382114       0.29373481975102383      0.7062651802490097       -1.9634053223124763      -1.1960158937831846
31.999999999999996       1499.9999999999998       304.66713211382114       0.2892125591342296       0.710787440865736        -2.8428496037840847      -1.6349030662060053
33.99999999999999        1400                     304.66713211382114       0.28309850318722496      0.7169014968127434       -0.23002434522345028     2.827895875874507
33.99999999999999        1409.9999999999998       304.66713211382114       0.2871823833752599       0.7128176166246523       -1.1149492957410163      2.3881505984926243
33.99999999999999        1420                     304.66713211382114       0.29218473222507485      0.7078152677748031       -1.9935344116228604      1.9497943909197535
33.99999999999999        1430                     304.66713211382114       0.2972283130274671       0.7027716869727917       -2.8652715387137224      1.5129615715227158
33.99999999999999        1440                     304.66713211382114       0.30132192695689         0.6986780730430912       2.55227780320097         1.0775767927571018
33.99999999999999        1450                     304.66713211382114       0.3038070295317004       0.6961929704682833       1.690964583911961        0.6431868895262548
33.99999999999999        1459.9999999999998       304.66713211382114       0.3042919126941806       0.6957080873058427       0.831479557716725        0.2092481067939277
33.99999999999999        1470                     304.66713211382114       0.30266306237300766      0.6973369376270606       -0.028700604683196903    -0.2248489977999225
33.99999999999999        1479.9999999999998       304.66713211382114       0.2992007774787038       0.7007992225209149       -0.8921527603543394      -0.659724432349454
33.99999999999999        1490                     304.66713211382114       0.29448816079671647      0.7055118392032967       -1.7609651617669986      -1.0958592479890397
33.99999999999999        1499.9999999999998       304.66713211382114       0.2893794472011415       0.7106205527987532       -2.6365137307484043      -1.5335402830806408
36                       1400                     304.66713211382114       0.27931993981349024      0.7206800601865123       -0.03140452224445948     2.925933263267084
36                       1409.9999999999998       304.66713211382114       0.2831099529899687       0.7168900470097742       -0.9183184725517172      2.4861831516620665
36                       1420                     304.66713211382114       0.2883104877876365       0.7116895122122738       -1.7989581629614835      2.047744768014476
36                       1430                     304.66713211382114       0.2939261088095156       0.7060738911905321       -2.672061591167065       1.610986099986815
36                       1440                     304.66713211382114       0.2989617342674861       0.7010382657321974       2.7451715525192184       1.1758575008696597
36                       1450                     304.66713211382114       0.30253656053450717      0.6974634394655209       1.8848210858079342       0.742069702416131
36                       1459.9999999999998       304.66713211382114       0.3040522030086167       0.695947796991307        1.0277275956075178       0.3090391951417365
36                       1470                     304.66713211382114       0.30325686117012074      0.6967431388296156       0.1711041624854071       -0.12388075474386366
36                       1479.9999999999998       304.66713211382114       0.3002790188636626       0.6997209811363703       -0.6879312396734463      -0.5573584621025005
36                       1490                     304.66713211382114       0.295648413164663        0.704351586835249        -1.5520488879276928      -0.9920860892174633
36                       1499.9999999999998       304.66713211382114       0.29009642616125453      0.7099035738387256       -2.4226994519411         -1.4282565522294872
38                       1400                     304.66713211382114       0.2755472737480914       0.7244527262519608       0.17745479105070525      3.0284414911452235
38                       1409.9999999999998       304.66713211382114       0.27873314885029715      0.7212668511495504       -0.7118073218627395      2.588549842049943
38                       1420                     304.66713211382114       0.2838776760750591       0.716122323924848        -1.5948320760431038      2.1500190109093946
38                       1430                     304.66713211382114       0.2899642583518546       0.7100357416484132       -2.470110860231137       1.7131570130223075
38                       1440                     304.66713211382114       0.29586573556602175      0.7041342644341122       2.945884546536454        1.2781210748941954
38                       1450                     304.66713211382114       0.3005547571389123       0.6994452428610666       2.0857673282064986       0.8447112481079805
38                       1459.9999999999998       304.66713211382114       0.30326241462224135      0.6967375853775868       1.2302990445767648       0.41242941589484117
38                       1470                     304.66713211382114       0.30357242539263385      0.6964275746071478       0.376896325010306        -0.01935605032253209
38                       1479.9999999999998       304.66713211382114       0.30140162961490075      0.6985983703852412       -0.477794022835784       -0.4514543785063083
38                       1490                     304.66713211382114       0.2970814233231406       0.7029185766769492       -1.3365849118060957      -0.8845352345454105
38                       1499.9999999999998       304.66713211382114       0.2913924588330997       0.7086075411667053       -2.2019642348538375      -1.319153075279373
39.99999999999999        1400                     304.66713211382114       0.272012483717841        0.7279875162820489       0.39648770046860243      3.135323323938157
39.99999999999999        1409.9999999999998       304.66713211382114       0.2742420414496319       0.7257579585505828       -0.4945201536017086      2.6955171913391087
39.99999999999999        1420                     304.66713211382114       0.278971352658702        0.7210286473411732       -1.3804999025382603      2.2567693083407847
39.99999999999999        1430                     304.66713211382114       0.2852461404380361       0.714753859561928        -2.2586701063462846      1.819687434885606
39.99999999999999        1440                     304.66713211382114       0.29189600046436703      0.7081039995355785       -3.127829797592575       1.3846151918634055
39.99999999999999        1450                     304.66713211382114       0.29773912047547285      0.7022608795243981       2.294360737641972        0.9513497770270897
39.99999999999999        1459.9999999999998       304.66713211382114       0.30179374798536746      0.698206252014768        1.439886364315393        0.5196914466734688
39.99999999999999        1470                     304.66713211382114       0.3034145291359794       0.6965854708640414       0.588924958165004        0.08883140558685088
39.99999999999999        1479.9999999999998       304.66713211382114       0.30233205863146306      0.6976679413687515       -0.2617755868976978      -0.34194882498493095
39.99999999999999        1490                     304.66713211382114       0.29871404163595583      0.701285958364124        -1.1152816781776105      -0.7734086619549942
39.99999999999999        1499.9999999999998       304.66713211382114       0.29315875372384165      0.7068412462761386       -1.9747277507203658      -1.2062672558904268
42                       1400                     304.66713211382114       0.26890708928192597      0.7310929107180727       0.6262980552661473       -3.036412023465598
42                       1409.9999999999998       304.66713211382114       0.26984825321734973      0.7301517467827195       -0.26608364154253955     2.8071887866119174
42                       1420                     304.66713211382114       0.2737702149097051       0.7262297850903826       -1.1550128855468682      2.3682836622844263
42                       1430                     304.66713211382114       0.2799031924180539       0.7200968075820082       -2.03653918197308        1.9309374558414152
42                       1440                     304.66713211382114       0.2870594045625231       0.712940595437595        -2.9088075203242236      1.4955540637581783
42                       1450                     304.66713211382114       0.2939576486157761       0.7060423513845308       2.511693578118347        1.0623540853416205
42                       1459.9999999999998       304.66713211382114       0.2994111738778855       0.7005888261221352       1.656930308272533        0.6309684808475996
42                       1470                     304.66713211382114       0.3025335274936096       0.697466472506387        0.8076305829670526       0.20089169791251885
42                       1479.9999999999998       304.66713211382114       0.30284842942696344      0.697151570572953        -0.03953324280942476     -0.22867420373299557
42                       1490                     304.66713211382114       0.3002948321369145       0.6997051678630367       -0.8881927690304509      -0.6586085819270998
42                       1499.9999999999998       304.66713211382114       0.2952708126525229       0.7047291873472173       -1.7415086215212536      -1.0896445739984761
44                       1400                     304.66713211382114       0.266571082806695        0.7334289171933421       0.8671708212951896       -2.920101237379943
44                       1409.9999999999998       304.66713211382114       0.2658120287552079       0.7341879712447845       -0.025764476688101307    2.92384173639098
44                       1420                     304.66713211382114       0.26848406890542076      0.7315159310944302       -0.9171834005192305      2.484922283670126
44                       1430                     304.66713211382114       0.274009313983022        0.72599068601691         -1.8026444232724421      2.0471952057460743
44                       1440                     304.66713211382114       0.2813373371962829       0.7186626628037422       -2.6788461082881696      1.611429548612704
44                       1450                     304.66713211382114       0.2890791341673294       0.7109208658327649       2.7385921243688918       1.1779306303376493
44                       1459.9999999999998       304.66713211382114       0.2959074015985613       0.7040925984015867       1.8824298497127          0.7466426712953257
44                       1470                     304.66713211382114       0.3006820182156122       0.6993179817843562       1.0335773656418221       0.31703482642416847
44                       1479.9999999999998       304.66713211382114       0.30268467037349006      0.6973153296263993       0.18896022019147704      -0.11151245593136366
44                       1490                     304.66713211382114       0.3015655452850791       0.6984344547147795       -0.6550636460570318      -0.5399539128391465
44                       1499.9999999999998       304.66713211382114       0.2975327215716992       0.7024672784544598       -1.502258672564535       -0.9691282328535525
45.99999999999999        1400                     304.66713211382114       0.2652142754682676       0.7347857245318573       1.1186378266622357       -2.799092632806059
45.99999999999999        1409.9999999999998       304.66713211382114       0.2624768632354803       0.7375231367645215       0.22675069024749414      3.0456113645398553
45.99999999999999        1420                     304.66713211382114       0.2633975978604685       0.7366024021395504       -0.6664260643916058      2.6068768536733864
45.99999999999999        1430                     304.66713211382114       0.26781090666329144      0.7321890933367056       -1.5556524417118336      2.1689011082010943
45.99999999999999        1440                     304.66713211382114       0.27482498628596175      0.7251750137137074       -2.4364878068525195      1.7326044646272853
45.99999999999999        1450                     304.66713211382114       0.2830844130039857       0.7169155869959193       2.9767455948226123       1.2986420327108013
45.99999999999999        1459.9999999999998       304.66713211382114       0.2911600864824125       0.7088399135177692       2.1176642236593435       0.86709310887149
45.99999999999999        1470                     304.66713211382114       0.29761699798754976      0.7023830020125256       1.2679249497556662       0.4377063659029078
45.99999999999999        1479.9999999999998       304.66713211382114       0.30148727100852946      0.6985127289916488       0.424641685168498        0.009858880353348668
45.99999999999999        1490                     304.66713211382114       0.3021678866652638       0.6978321133363928       -0.41570527282289793     -0.417302171696854
45.99999999999999        1499.9999999999998       304.66713211382114       0.2995798438163863       0.7004201561834487       -1.2574436544129932      -0.8447824757257784
48                       1400                     304.66713211382114       0.2651718837454868       0.7348281162545598       1.3802127775953834       -2.673238537262173
48                       1409.9999999999998       304.66713211382114       0.26023893183733937      0.7397610681629593       0.49137591421296056      -3.1105875159822967
48                       1420                     304.66713211382114       0.2589817780815118       0.7410182219183388       -0.40208624237729895     2.7343105040219107
48                       1430                     304.66713211382114       0.26168671564831364      0.7383132843520058       -1.294520275161901       2.2962478204151875
48                       1440                     304.66713211382114       0.2677783305344763       0.7322216694653713       -2.180243528227183       1.8595060151025613
48                       1450                     304.66713211382114       0.2760694659976316       0.7239305340025153       -3.055624218033804       1.4248562184826388
48                       1459.9999999999998       304.66713211382114       0.28504073450418393      0.7149592654957958       2.364087270436757        0.9927623893803714
48                       1470                     304.66713211382114       0.29309888867424605      0.7069011113276712       1.511924670494751        0.5632647602958739
48                       1479.9999999999998       304.66713211382114       0.2989484837987929       0.7010515162012755       0.6684440182264707       0.13574737662891811
48                       1490                     304.66713211382114       0.30174937063989365      0.6982506293602808       -0.16980985332998025     -0.2905018968163501
48                       1499.9999999999998       304.66713211382114       0.30104985842322407      0.6989501415777076       -1.0066718591217176      -0.7163940512323828
50                       1400                     304.66713211382114       0.26659615540825243      0.7334038445917715       1.6518253496824595       -2.542262254949375
50                       1409.9999999999998       304.66713211382114       0.25946185548115686      0.7405381445187608       0.7683978233646604       -2.9779985090137657
50                       1420                     304.66713211382114       0.2557131811792285       0.7442868188206786       -0.12321012377220544     2.8678279336361037
50                       1430                     304.66713211382114       0.25610499355151256      0.743895006448327        -1.017477542289391       2.4299661200415144
50                       1440                     304.66713211382114       0.2605797312175285       0.739420268782511        -1.9079321813158483      1.992840985695825
50                       1450                     304.66713211382114       0.26820820465251605      0.7317917953474218       -2.789271431965708       1.5575165165861604
50                       1459.9999999999998       304.66713211382114       0.2775521311278219       0.7224478688716429       2.6245856053968186       1.1246829525469995
50                       1470                     304.66713211382114       0.2869348839964418       0.7130651160035455       1.7680047676608077       0.6946087649319911
50                       1479.9999999999998       304.66713211382114       0.29478610436241154      0.7052138956376707       0.9224253564814611       0.2670357085549887
50                       1490                     304.66713211382114       0.299878494225171        0.7001215057746789       0.08481178296600336      -0.15863586313084843
50                       1499.9999999999998       304.66713211382114       0.3014802053079437       0.6985197946920116       -0.7486261854444263      -0.5832818665857202
51.99999999999999        1400                     304.66713211382114       0.26958683006723777      0.7304131699330024       1.9306551411128028       -2.4069876819222022
51.99999999999999        1409.9999999999998       304.66713211382114       0.2604377636307981       0.7395622363693136       1.055201736239389        -2.8405423808288215
51.99999999999999        1420                     304.66713211382114       0.254003896936625        0.7459961030633083       0.1681967298248006       3.006748402788672
51.99999999999999        1430                     304.66713211382114       0.2516304565696874       0.7483695434305488       -0.7254544007307345      2.5696210069319667
51.99999999999999        1440                     304.66713211382114       0.2537375002051913       0.746262499794799        -1.6193818295531737      2.1324304895960786
51.99999999999999        1450                     304.66713211382114       0.2599085790956275       0.7400914209045346       -2.5068682967594773      1.6964395228640055
51.99999999999999        1459.9999999999998       304.66713211382114       0.26893215078897115      0.7310678492109987       2.8998932558392743       1.2626663848640982
51.99999999999999        1470                     304.66713211382114       0.27913963327445734      0.720860366725662        2.03707814524937         0.8317446409588344
51.99999999999999        1479.9999999999998       304.66713211382114       0.28870510899819773      0.7112948910017788       1.18726455121628         0.4036544127136341
51.99999999999999        1490                     304.66713211382114       0.2961518938441774       0.7038481061559737       0.3482564208978315       -0.021907774496205835
51.99999999999999        1499.9999999999998       304.66713211382114       0.30035198628742743      0.6996480137125402       -0.48374339803802524     -0.4458025979787939
53.99999999999999        1400                     304.66713211382114       0.27401228881699563      0.7259877111829062       2.2161267150702986       -2.2671767659965365
53.99999999999999        1409.9999999999998       304.66713211382114       0.2633317390555082       0.7366682609445673       1.3509883470916582       -2.6980600951134783
53.99999999999999        1420                     304.66713211382114       0.2543858941861125       0.7456141058139839       0.47175159440910425      -3.131820957060359
53.99999999999999        1430                     304.66713211382114       0.24890712998547312      0.75109287001297         -0.4182803017011864      2.715535705095289
53.99999999999999        1440                     304.66713211382114       0.247991519318347        0.7520084806816352       -1.313234383020875       2.2787964730049537
53.99999999999999        1450                     304.66713211382114       0.25179754516201464      0.7482024548397707       -2.2060407399128907      1.8424256451213925
53.99999999999999        1459.9999999999998       304.66713211382114       0.259572344861087        0.740427655138983        -3.0899942042768855      1.407747990537233
53.99999999999999        1470                     304.66713211382114       0.26980642644758707      0.7301935735524362       2.3226314714808436       0.9757538243497431
53.99999999999999        1479.9999999999998       304.66713211382114       0.28063679499866834      0.7193632050014409       1.4663254063209121       0.546750774844204
53.99999999999999        1490                     304.66713211382114       0.29023832576777014      0.7097616742320233       0.6232506371446705       0.12068861368937012
53.99999999999999        1499.9999999999998       304.66713211382114       0.2971562673050134       0.7028437326949527       -0.2097684471920357      -0.3030327738861112
56                       1400                     304.66713211382114       0.27957729762286104      0.7204227023770149       2.5068884918923238       -2.1229642190623714
56                       1409.9999999999998       304.66713211382114       0.26810686610903567      0.7318931338909955       1.6538413806470442       -2.5507106105307815
56                       1420                     304.66713211382114       0.25710173001747394      0.7428982699825312       0.7854509178716672       -2.9817325518048348
56                       1430                     304.66713211382114       0.24855261216313027      0.7514473878368092       -0.09711227860934078     2.867690758216726
56                       1440                     304.66713211382114       0.24413245597448346      0.7558675440252618       -0.9897295078111219      2.43202694670749
56                       1450                     304.66713211382114       0.24470413022843454      0.7552958697714197       -1.885319195006912       1.9958288414402199
56                       1459.9999999999998       304.66713211382114       0.25013525607261117      0.7498647439275365       -2.7763040766896463      1.5604464505624622
56                       1470                     304.66713211382114       0.25937639121139344      0.7406236087883933       2.62730313537478         1.127265427672325
56                       1479.9999999999998       304.66713211382114       0.27061971558757963      0.7293802844122124       1.762241288676709        0.696949587717782
56                       1490                     304.66713211382114       0.2819193002053802       0.718080699794506        0.9125137630103628       0.2698923558842312
56                       1499.9999999999998       304.66713211382114       0.29145860604687357      0.7085413939531476       0.07590249656949649      -0.15416695546583276
57.99999999999999        1400                     304.66713211382114       0.28566515628496575      0.7143348437150959       2.8014016664673838       -1.9746110052818382
57.99999999999999        1409.9999999999998       304.66713211382114       0.2744052928236261       0.7255947071758189       1.9617640221650352       -2.398828867360797
57.99999999999999        1420                     304.66713211382114       0.26217171710685033      0.7378282828931889       1.106803729381574        -2.826436041773661
57.99999999999999        1430                     304.66713211382114       0.2510047113713186       0.7489952886284599       0.23540037585868984      3.0257660658489978
57.99999999999999        1440                     304.66713211382114       0.2429709705918259       0.7570290294080216       -0.6501782674765108      2.592088880135622
57.99999999999999        1450                     304.66713211382114       0.23959740742819396      0.7604025925720238       -1.5447390343650154      2.15678406392071
57.99999999999999        1459.9999999999998       304.66713211382114       0.24162864968935424      0.7583713503107203       -2.4403367852638627      1.721269191631368
57.99999999999999        1470                     304.66713211382114       0.248585433415002        0.7514145665849111       2.9543020582511006       1.287051333220612
57.99999999999999        1479.9999999999998       304.66713211382114       0.2591104418488167       0.7408895581513115       2.0790247992440416       0.8553104579909434
57.99999999999999        1490                     304.66713211382114       0.271252363524812        0.7287476364750725       1.219859852141123        0.4268319380239284
57.99999999999999        1499.9999999999998       304.66713211382114       0.28295942498095206      0.7170405750188223       0.3763811531101172       0.0017084569038216834
60                       1400                     304.66713211382114       0.2914592974609325       0.7085407025390718       3.0998047792329957       -1.8218320186140833
60                       1409.9999999999998       304.66713211382114       0.28156025644015964      0.7184397435598859       2.273225103748484        -2.2425359226052675
60                       1420                     304.66713211382114       0.26923290893842267      0.7307670910616401       1.4332331628933066       -2.6663326012549855
60                       1430                     304.66713211382114       0.2563488436058415       0.743651156394161        0.5763413480092159       -3.0937401616515263
60                       1440                     304.66713211382114       0.24510702034471415      0.7548929796552697       -0.29749773497476617     2.758664732658978
60                       1450                     304.66713211382114       0.2375619073566214       0.7624380926432252       -1.1857446888281915      2.325217243574272
60                       1459.9999999999998       304.66713211382114       0.23524423824888094      0.7647557617513969       -2.0817730954471254      1.8903723944768434
60                       1470                     304.66713211382114       0.23860225897474027      0.7613977410252236       -2.977027281408482       1.455684972753674
60                       1479.9999999999998       304.66713211382114       0.24693146723824438      0.7530685327633059       2.4202627656924056       1.0226583555597628
60                       1490                     304.66713211382114       0.25862873796610536      0.7413712620338351       1.5493823976387515       0.592419063250289
60                       1499.9999999999998       304.66713211382114       0.27155254532175527      0.7284474546782579       0.6957826551392786       0.16572362954734518
61.99999999999999        1400                     304.66713211382114       0.29590573552518257      0.7040942644747681       -2.881221659976335       -1.6646219934113047
61.99999999999999        1409.9999999999998       304.66713211382114       0.28858703971956245      0.7114129602805229       2.5874277190324304       -2.0819177933367126
61.99999999999999        1420                     304.66713211382114       0.2775021701985236       0.7224978298014746       1.7623222974253547       -2.501776167791196
61.99999999999999        1430                     304.66713211382114       0.2641961986985262       0.7358038013017908       0.9220068217840413       -2.9250583051186667
61.99999999999999        1440                     304.66713211382114       0.2507386952252684       0.7492613047747486       0.06401237682156799      2.9311719929674447
61.99999999999999        1450                     304.66713211382114       0.23940409662429651      0.7605959033757084       -0.8120216925817492      2.5006490508058508
61.99999999999999        1459.9999999999998       304.66713211382114       0.23232451816183922      0.7676754818383628       -1.7023816819017488      2.067586439612441
61.99999999999999        1470                     304.66713211382114       0.23092851480091245      0.769071485198528        -2.59956732015815        1.6333580851357146
61.99999999999999        1479.9999999999998       304.66713211382114       0.23545025006095674      0.7645497499390166       2.7890152114704025       1.1995337595863658
61.99999999999999        1490                     304.66713211382114       0.24500531782293544      0.7549946821771143       1.9056544554374175       0.7676999927569224
61.99999999999999        1499.9999999999998       304.66713211382114       0.2577685689395558       0.7422314310602688       1.038940506994137        0.3390032209573323
63.99999999999999        1400                     304.66713211382114       0.2978321364989278       0.7021678635007574       -2.5737251420511265      -1.5023415492157428
63.99999999999999        1409.9999999999998       304.66713211382114       0.29423514724963784      0.7057648527504257       2.9045353531740217       -1.9167731651798339
63.99999999999999        1420                     304.66713211382114       0.28584826493889853      0.7141517350611383       2.0931314921118416       -2.332811206625529
63.99999999999999        1430                     304.66713211382114       0.27367920111757776      0.7263207988847352       1.2697231523276238       -2.751687757379446
63.99999999999999        1440                     304.66713211382114       0.2595047491040748       0.7404952508959249       0.43002179303191207      3.1089529068568567
63.99999999999999        1450                     304.66713211382114       0.24546781223939584      0.7545321877607005       -0.4288691492612425      2.6824455612174964
63.99999999999999        1459.9999999999998       304.66713211382114       0.2339717257320815       0.7660282742678942       -1.3062814438683683      2.2524726323219073
63.99999999999999        1470                     304.66713211382114       0.22720426836411942      0.7727957316360665       -2.198230589570258       1.8199266805383787
63.99999999999999        1479.9999999999998       304.66713211382114       0.22650652028348184      0.7734934797168129       -3.09625691107348        1.386376079575089
63.99999999999999        1490                     304.66713211382114       0.23201374719431772      0.7679862528057336       2.292835460044496        0.9534833745171343
63.99999999999999        1499.9999999999998       304.66713211382114       0.242623780645203        0.7573762193546487       1.4116520660875669       0.5228056559430294
66                       1400                     304.66713211382114       0.29602863486038977      0.7039713651397533       -2.257918910145467       -1.3340174743539441
66                       1409.9999999999998       304.66713211382114       0.2970649313717172       0.7029350686283036       -3.056763420973171       -1.7464013097870457
66                       1420                     304.66713211382114       0.292679609907593        0.7073203900923607       2.425883408522015        -2.159235260391385
66                       1430                     304.66713211382114       0.28338476936769497      0.7166152306323877       1.6178750490355553       -2.57390980994093
66                       1440                     304.66713211382114       0.27031718316712033      0.7296828168327981       0.7968681993978843       -2.9916831692043835
66                       1450                     304.66713211382114       0.2552805878275793       0.7447194121724388       -0.04145468909492771     2.869906385557572
66                       1459.9999999999998       304.66713211382114       0.24060932882012045      0.7593906711795189       -0.9000510371279709      2.444204703463736
66                       1470                     304.66713211382114       0.22884013246492604      0.7711598675350089       -1.7781839363955994      2.0149030439673328
66                       1479.9999999999998       304.66713211382114       0.22211019945664454      0.7778898005435263       -2.6712068147147097      1.583033057917602
66                       1490                     304.66713211382114       0.22186593877545746      0.7781340612244344       2.713095462735375        1.1502193219333208
66                       1499.9999999999998       304.66713211382114       0.22809845959574407      0.7719015404040821       1.8192626660905986       0.7182448454547917
67.99999999999999        1400                     304.66713211382114       0.28936655430090086      0.7106334456992383       -1.929864687542176       -1.1584620321951018
67.99999999999999        1409.9999999999998       304.66713211382114       0.2955945843384062       0.7044054156614533       -2.7273423346651597      -1.5699939517841828
67.99999999999999        1420                     304.66713211382114       0.29630102407387177      0.7036989759257344       2.7621782178655536       -1.9805879403808084
67.99999999999999        1430                     304.66713211382114       0.2913843370330621       0.7086156629674202       1.966284141503723        -2.391713370585683
67.99999999999999        1440                     304.66713211382114       0.2813795371829997       0.7186204628169692       1.1622369315144643       -2.804898075187362
67.99999999999999        1450                     304.66713211382114       0.26752390650592267      0.7324760934940838       0.3446641687413892       3.0619013726486437
67.99999999999999        1459.9999999999998       304.66713211382114       0.25169847863128875      0.7483015213685801       -0.4913220781661004      2.64148390590584
67.99999999999999        1470                     304.66713211382114       0.2363268840509774       0.763673115948894        -1.348604385584093       2.2167948991781103
67.99999999999999        1479.9999999999998       304.66713211382114       0.22399768563402903      0.7760023143652087       -2.2264252556244504      1.7883934018101038
67.99999999999999        1490                     304.66713211382114       0.21705871660863765      0.7829412833912619       -3.1201277400912883      1.357329493792957
67.99999999999999        1499.9999999999998       304.66713211382114       0.21689977533896773      0.7831002246610109       2.263418776549411        0.9253406999954671
70                       1400                     304.66713211382114       0.27707916436792157      0.7229208356320326       -1.5831831719874856      -0.9737906950267223
70                       1409.9999999999998       304.66713211382114       0.28854628314634034      0.7114537168534951       -2.384968551279148       -1.385828551140016
70                       1420                     304.66713211382114       0.29496588312630906      0.7050341168738036       3.1059804728811744       -1.7955383512596688
70                       1430                     304.66713211382114       0.29562460667806795      0.7043753933218799       2.3175269403071073       -2.2042594394136286
70                       1440                     304.66713211382114       0.2904602054983029       0.7095397945010934       1.5266033770968908       -2.61362804657601
70                       1450                     304.66713211382114       0.2799996677136013       0.7200003322863435       0.7274593357414655       -3.025071447995878
70                       1459.9999999999998       304.66713211382114       0.2655488956905659       0.7344511043095115       -0.08581724634988568     2.843331987423008
70                       1470                     304.66713211382114       0.24896408474899628      0.7510359152511084       -0.9179464337045171      2.4244265447278806
70                       1479.9999999999998       304.66713211382114       0.23272249990964308      0.7672775000901755       -1.7723960991767567      2.0010861275868925
70                       1490                     304.66713211382114       0.21960995315803308      0.7803900468420014       -2.6488739419262246      1.5738009784628275
70                       1499.9999999999998       304.66713211382114       0.2120264007593127       0.7879735992410268       2.740858344478872        1.1437694614329819
72                       1400                     304.66713211382114       0.25904300465297003      0.7409569953472123       -1.2092878162516336      -0.7777777777485795
72                       1409.9999999999998       304.66713211382114       0.274959754105374        0.725040245894844        -2.022570564137979       -1.191899693622074
72                       1420                     304.66713211382114       0.2871000401414833       0.7128999598583597       -2.8199134685787457      -1.6023178818294055
72                       1430                     304.66713211382114       0.29405851263712424      0.7059414873628578       2.676073242243473        -2.01019326004013
72                       1440                     304.66713211382114       0.2950642168086875       0.7049357831913281       1.8927717038817786       -2.4170736267589876
72                       1450                     304.66713211382114       0.29000359309729773      0.7099964069027134       1.107618254995729        -2.824420439485778
72                       1459.9999999999998       304.66713211382114       0.27945101709713155      0.7205489829028545       0.31419236101337955      3.0493026037866318
72                       1470                     304.66713211382114       0.2645945513469904       0.73540544865292         -0.49335256922079984     2.636489796022066
72                       1479.9999999999998       304.66713211382114       0.24730290648025574      0.7526970935198014       -1.320168833748684       2.2194094326924425
72                       1490                     304.66713211382114       0.23012949636341368      0.7698705036365233       -2.170003505775498       1.7977723738558067
72                       1499.9999999999998       304.66713211382114       0.21587105573242252      0.7841289442676272       -3.0433998067224923      1.3719434871243552
73.99999999999999        1400                     304.66713211382114       0.23640027309436906      0.7635997269053809       -0.7966847126775269      -0.5679355188041815
73.99999999999999        1409.9999999999998       304.66713211382114       0.2548308047415633       0.7451691952585985       -1.6293428078975196      -0.9853979631694295
73.99999999999999        1420                     304.66713211382114       0.27174638882278557      0.7282536111773779       -2.440014981593467       -1.3982572824832527
73.99999999999999        1430                     304.66713211382114       0.28491409666616885      0.7150859033337564       3.049465307223653        -1.8071899545234964
73.99999999999999        1440                     304.66713211382114       0.29278674614685074      0.707213253852986        2.266750117474283        -2.213396228042598
73.99999999999999        1450                     304.66713211382114       0.2945613068749712       0.7054386931251092       1.4890062605792447       -2.6182863759011368
73.99999999999999        1459.9999999999998       304.66713211382114       0.2901016661292605       0.7098983338708557       0.7099520259065275       -3.023526164964103
73.99999999999999        1470                     304.66713211382114       0.27980655696635887      0.7201934430340939       -0.07692162365286773     2.852403355131906
73.99999999999999        1479.9999999999998       304.66713211382114       0.26481318611862037      0.7351868138815306       -0.8771438271664718      2.4419335443155763
73.99999999999999        1490                     304.66713211382114       0.24694964374699635      0.7530503562531705       -1.696685885831517       2.0271347122637877
73.99999999999999        1499.9999999999998       304.66713211382114       0.2287159881570646       0.7712840118467971       -2.5399685522191215      1.607602287353842
76                       1400                     304.66713211382114       0.212190985291602        0.7878090147087444       -0.3326342597442749      -0.342149071045015
76                       1409.9999999999998       304.66713211382114       0.2297362154224558       0.7702637845774606       -1.1920246070158997      -0.7636369799133683
76                       1420                     304.66713211382114       0.24903499652903538      0.7509650034710176       -2.0249874992947072      -1.1803125409105384
76                       1430                     304.66713211382114       0.26715203478024097      0.7328479652197981       -2.834470634559888       -1.5921841877640397
76                       1440                     304.66713211382114       0.2816564639788945       0.7183435360210818       2.657664729809983        -1.9998505571337835
76                       1450                     304.66713211382114       0.29091027475656295      0.7090897252434191       1.8789749935415707       -2.404486294024251
76                       1459.9999999999998       304.66713211382114       0.29401048511590666      0.7059895148841487       1.106574196716587        -2.8074143726252
76                       1470                     304.66713211382114       0.2906408672112891       0.709359132788873        0.33385308888612264      3.072709528400895
76                       1479.9999999999998       304.66713211382114       0.281100486824513        0.7188995131753843       -0.4451872153413261      2.6680078979539026
76                       1490                     304.66713211382114       0.26638794901788315      0.7336120509826547       -1.236860844343625       2.260199943524706
76                       1499.9999999999998       304.66713211382114       0.2481959596665473       0.7518040403333942       -2.0472778422231586      1.848144214618815
78                       1400                     304.66713211382114       0.19173685638180843      0.8082631436180051       0.1934169873663794       -0.0992954759530079
78                       1409.9999999999998       304.66713211382114       0.20368416660804944      0.7963158333918748       -0.6949576926669937      -0.5241590472649112
78                       1420                     304.66713211382114       0.22123535894358132      0.7787646410565167       -1.5584831185364227      -0.9452952076445778
78                       1430                     304.66713211382114       0.24129363882724725      0.7587063611729069       -2.3941722364314404      -1.3615850379638177
78                       1440                     304.66713211382114       0.2607233063984179       0.739276693601703        3.0787900718784154       -1.7728535563314167
78                       1450                     304.66713211382114       0.27694636338374373      0.7230536366161507       2.2890153816126797       -2.1795555603993653
78                       1459.9999999999998       304.66713211382114       0.28813888271032706      0.711861117289708        1.513579507916988        -2.582728803961605
78                       1470                     304.66713211382114       0.29309940457203953      0.7069005954279441       0.7461294344196054       -2.983833071768274
78                       1479.9999999999998       304.66713211382114       0.2914359530616905       0.708564046938322        -0.020000349281582147    2.8985775989465092
78                       1490                     304.66713211382114       0.2832610778067628       0.716738922193326        -0.7908598158692622      2.4965319012430576
78                       1499.9999999999998       304.66713211382114       0.2693806152422595       0.7306193847576433       -1.5726734505082685      2.09176382766789
79.99999999999999        1400                     304.66713211382114       0.1818488249071094       0.8181511750929411       0.7787533097951103       0.15973451547194734
79.99999999999999        1409.9999999999998       304.66713211382114       0.18346822702539423      0.8165317729746601       -0.12761780873035788     -0.2662523904575045
79.99999999999999        1420                     304.66713211382114       0.1937650230627544       0.8062349769372855       -1.0222172788632202      -0.6907203116527795
79.99999999999999        1430                     304.66713211382114       0.21067635542352117      0.7893236445766066       -1.892570544482633       -1.1117166276189552
79.99999999999999        1440                     304.66713211382114       0.23120847106975095      0.7687915289303674       -2.7338025389817613      -1.5280378797760639
79.99999999999999        1450                     304.66713211382114       0.2519737990620227       0.7480262009380347       2.7359929288558535       -1.9391097338410581
79.99999999999999        1459.9999999999998       304.66713211382114       0.27024119301211247      0.7297588069879098       1.945474259904051        -2.345246477745233
79.99999999999999        1470                     304.66713211382114       0.2838093629990371       0.7161906370010804       1.1716441558267023       -2.7474317807602144
79.99999999999999        1479.9999999999998       304.66713211382114       0.29129664119623944      0.7087033588036692       0.4081373225431972       3.136240571038045
79.99999999999999        1490                     304.66713211382114       0.29204438963002366      0.7079556103699589       -0.35158097810706224     2.73770900882804
79.99999999999999        1499.9999999999998       304.66713211382114       0.28599816958645824      0.7140018304126677       -1.1136949837305996      2.338573190544463
82                       1400                     304.66713211382114       0.18793424718936164      0.8120657528109414       1.3960794113429609       0.4316662694680563
82                       1409.9999999999998       304.66713211382114       0.177087736735376        0.822912263264567        0.501088524566696        0.008534115499665046
82                       1420                     304.66713211382114       0.17523431044940904      0.8247656895506184       -0.40673128848367324     -0.41621829214632133
82                       1430                     304.66713211382114       0.18271443901071707      0.817285560989527        -1.3088315082320066      -0.8402278579565173
82                       1440                     304.66713211382114       0.1980745753513653       0.8019254246485705       -2.1889928361226554      -1.2613968882696514
82                       1450                     304.66713211382114       0.21843457518357431      0.7815654248164458       -3.039359082553391       -1.6781347232198773
82                       1459.9999999999998       304.66713211382114       0.24041501493298678      0.7595849850669814       2.423734799264701        -2.08956382851481
82                       1470                     304.66713211382114       0.2608122643281746       0.7391877356718913       1.6295420460255745       -2.495771181330141
82                       1479.9999999999998       304.66713211382114       0.2771936643626487       0.7228063356375594       0.8552748088262996       -2.8973786599052613
82                       1490                     304.66713211382114       0.28785063389233095      0.7121493661076936       0.09434807153936514      2.987549479055162
82                       1499.9999999999998       304.66713211382114       0.29182430547506943      0.7081756945249338       -0.6599955071203679      2.591039864066502
84                       1400                     304.66713211382114       0.2102358379026998       0.7897641620972363       2.0022030228035286       0.7109198873468903
84                       1409.9999999999998       304.66713211382114       0.1895538716004526       0.8104461283994828       1.14929197734152         0.29504836010604474
84                       1420                     304.66713211382114       0.17456076343211005      0.8254392365678059       0.26521471903731497      -0.12524300291510757
84                       1430                     304.66713211382114       0.1680609874593478       0.8319390125407303       -0.640161176998336       -0.5481687464073712
84                       1440                     304.66713211382114       0.1713673395001171       0.8286326604998983       -1.5489294898406907      -0.971470499343909
84                       1450                     304.66713211382114       0.18375686206800362      0.8162431379319014       -2.4416604873048326      -1.3928882259512168
84                       1459.9999999999998       304.66713211382114       0.20291992975814976      0.7970800702418809       2.9778269132210284       -1.8103925533717595
84                       1470                     304.66713211382114       0.22543533998485266      0.7745646600151896       2.1466202942529904       -2.22272948971312
84                       1479.9999999999998       304.66713211382114       0.24786244314221534      0.7521375568578514       1.3448076375219076       -2.629661444021503
84                       1490                     304.66713211382114       0.2673413423419997       0.7326586576579907       0.5668572749843447       -3.0314220113299446
84                       1499.9999999999998       304.66713211382114       0.2817284248731591       0.7182715751269979       -0.1941042121144471      2.854109420716255
85.99999999999999        1400                     304.66713211382114       0.24191383121624457      0.7580861687837253       2.568623575042395        0.9925788470947224
85.99999999999999        1409.9999999999998       304.66713211382114       0.21839748401955425      0.7816025159803882       1.7684496166785983       0.5869774083966718
85.99999999999999        1420                     304.66713211382114       0.19511017330698696      0.8048898266929851       0.9370386858657603       0.17569659734557944
85.99999999999999        1430                     304.66713211382114       0.17573358154200297      0.8242664184582668       0.07140371031017059      -0.240644997997404
85.99999999999999        1440                     304.66713211382114       0.1636584237624889       0.8363415762374771       -0.8242573652433295      -0.6608385420613476
85.99999999999999        1450                     304.66713211382114       0.16115979367680708      0.8388402063231969       -1.7357402147431273      -1.0828449235238427
85.99999999999999        1459.9999999999998       304.66713211382114       0.16877993621124882      0.8312200637887788       -2.641303139699096       -1.5041670678242507
85.99999999999999        1470                     304.66713211382114       0.1849874189530203       0.8150125810468689       2.7604731376368967       -1.9225846734302388
85.99999999999999        1479.9999999999998       304.66713211382114       0.20678504447317148      0.7932149555267215       1.9122509702606145       -2.336519343609959
85.99999999999999        1490                     304.66713211382114       0.2305674062148192       0.7694325937852962       1.0975941789271413       -2.7448541567867664
85.99999999999999        1499.9999999999998       304.66713211382114       0.25305884654389366      0.7469411534557163       0.3112771594521591       3.1355713611967393
88                       1400                     304.66713211382114       0.2717174103609057       0.728282589639224        3.092471923429692        1.2741585210156863
88                       1409.9999999999998       304.66713211382114       0.25320093613511524      0.7467990638650268       2.3367052878470833       0.8791913522886883
88                       1420                     304.66713211382114       0.23025587914029821      0.7697441208594702       1.559683516499434        0.4792717625264331
88                       1430                     304.66713211382114       0.20551089496512123      0.7944891050345134       0.7545123994784074       0.07378701309831649
88                       1440                     304.66713211382114       0.18222082998932232      0.8177791700106759       -0.0850233558350483      -0.3374121362540678
88                       1450                     304.66713211382114       0.16412600582484105      0.8358739941751747       -0.9604686637749088      -0.7535912459153989
88                       1459.9999999999998       304.66713211382114       0.1544864826156662       0.8455135173842636       -1.8644820702305087      -1.173037415898209
88                       1470                     304.66713211382114       0.15513351979022177      0.8448664802099057       -2.7787081422022397      -1.5935209280972928
88                       1479.9999999999998       304.66713211382114       0.1659647497177072       0.8340352502819314       2.6031066022607807       -2.012683855050817
88                       1490                     304.66713211382114       0.18490742460163137      0.8150925753982331       1.732040891640414        -2.4282939945020536
88                       1499.9999999999998       304.66713211382114       0.20853382622567368      0.7914661737741713       0.8970489334850883       -2.838801723726206
90                       1400                     304.66713211382114       0.28777176670474586      0.7122282332953934       -2.6932038449248554      1.558012935031733
90                       1409.9999999999998       304.66713211382114       0.2802989362480504       0.7197010637520438       2.8619255493548894       1.1709776622915296
90                       1420                     304.66713211382114       0.26579347532128794      0.734206524677569        2.1247680519747076       0.7814409325755086
90                       1430                     304.66713211382114       0.24533837419716997      0.7546616258033529       1.3715345433153685       0.3878317794662479
90                       1440                     304.66713211382114       0.2208604703549881       0.7791395296450828       0.5949489195304771       -0.011033158710755204
90                       1450                     304.66713211382114       0.1951496898356682       0.8048503101644272       -0.21214549614318867     -0.4156889159701449
90                       1459.9999999999998       304.66713211382114       0.1717291350047822       0.8282708649953299       -1.0560205750972107      -0.826152127767053
90                       1470                     304.66713211382114       0.15433380456621543      0.8456661954336326       -1.9374536823850692      -1.2413210344974468
90                       1479.9999999999998       304.66713211382114       0.1461179081144826       0.8538820918853965       -2.847020866050943       -1.6594861130624734
90                       1490                     304.66713211382114       0.14872587536299575      0.8512741246369573       2.519910840657412        -2.0783306834970654
90                       1499.9999999999998       304.66713211382114       0.1616061368180901       0.8383938631806768       1.6217523416601107       -2.495334234424261
91.99999999999999        1400                     304.66713211382114       0.28055928002131886      0.719440719978761        -2.1944172541527385      1.8516057050134498
91.99999999999999        1409.9999999999998       304.66713211382114       0.28727256703324805      0.7127274329667004       -2.9139493343268406      1.4675386126607326
91.99999999999999        1420                     304.66713211382114       0.28625138482959844      0.7137486151702153       2.6518475375955908       1.0840471694858758
91.99999999999999        1430                     304.66713211382114       0.2775871398042933       0.7224128601954706       1.9308667919257045       0.6995954572357088
91.99999999999999        1440                     304.66713211382114       0.26180575962671243      0.7381942403728805       1.1996751443916929       0.3122957890580468
91.99999999999999        1450                     304.66713211382114       0.24014864708673847      0.7598513529132019       0.4516121202484635       -0.07931096551304037
91.99999999999999        1459.9999999999998       304.66713211382114       0.21458305988197532      0.7854169401179211       -0.3205884621112119      -0.4762839786687547
91.99999999999999        1470                     304.66713211382114       0.18794776059050528      0.8120522394094289       -1.1249214975082544      -0.8791970041289399
91.99999999999999        1479.9999999999998       304.66713211382114       0.16383282921750897      0.836167170782507        -1.9678704232574846      -1.2879472566848211
91.99999999999999        1490                     304.66713211382114       0.14614288861924765      0.8538571113806727       -2.8507658513669827      -1.7014930430349564
91.99999999999999        1499.9999999999998       304.66713211382114       0.1380332322585723       0.8619667677412162       2.519767651745179        -2.1179743321410345
94                       1400                     304.66713211382114       0.24462440250380005      0.755375597496242        -1.653366620058845       2.167212106199008
94                       1409.9999999999998       304.66713211382114       0.26529917817665327      0.7347008218233451       -2.387812279228452       1.7797421589854938
94                       1420                     304.66713211382114       0.27956672003169475      0.7204332799680714       -3.1074710686165488      1.3961626172948896
94                       1430                     304.66713211382114       0.28638524081837424      0.713614759181542        2.4643751053125325       1.0150008493752265
94                       1440                     304.66713211382114       0.2853784659002874       0.7146215340995523       1.755107452120657        0.6344352864837889
94                       1450                     304.66713211382114       0.276596218500792        0.7234037814990895       1.0421899275880935       0.2527853579893209
94                       1459.9999999999998       304.66713211382114       0.2606143199889692       0.7393856800108498       0.31942809969951286      -0.13162756424570174
94                       1470                     304.66713211382114       0.23854154882585496      0.7614584511741728       -0.4198779869113767      -0.5203072491211345
94                       1479.9999999999998       304.66713211382114       0.21226910303770785      0.7877308969623003       -1.183074599497523       -0.9143741348096418
94                       1490                     304.66713211382114       0.18460208860409094      0.8153979113958891       -1.9785917307279453      -1.3145196308508555
94                       1499.9999999999998       304.66713211382114       0.15915533561906473      0.8408446643813634       -2.8136707575296622      -1.7205493289790463
96                       1400                     304.66713211382114       0.18359872145776138      0.8164012785421096       -1.0025144017856782      2.5200425449110426
96                       1409.9999999999998       304.66713211382114       0.21226972367429922      0.7877302763257001       -1.785361353160562       2.1234282148287047
96                       1420                     304.66713211382114       0.238929271958999        0.7610707280408234       -2.536867833645026       1.7327748617733556
96                       1430                     304.66713211382114       0.26095818729664894      0.7390418127036382       3.017868828232985        1.3475981408861852
96                       1440                     304.66713211382114       0.2766150167010243       0.7233849832990987       2.3049857692077875       0.9665043449298056
96                       1450                     304.66713211382114       0.28482181347429647      0.7151781865255473       1.6009798176575731       0.5879479716367254
96                       1459.9999999999998       304.66713211382114       0.2851912769021936       0.7148087230978415       0.9001951032017175       0.21037597551619763
96                       1470                     304.66713211382114       0.2776553128556025       0.7223446871444021       0.1968302617648636       -0.16794312319799648
96                       1479.9999999999998       304.66713211382114       0.26265354819023456      0.7373464518098551       -0.5151263498146812      -0.548796825062757
96                       1490                     304.66713211382114       0.24113449061409348      0.7588655093862031       -1.2417890260776847      -0.9335559486500767
96                       1499.9999999999998       304.66713211382114       0.21481469079212828      0.7851853092079505       -1.9907839486026735      -1.3235982079396253
97.99999999999999        1400                     304.66713211382114       0.12257868187363012      0.8774213181264698       -0.12435024519722246     2.9215885107531405
97.99999999999999        1409.9999999999998       304.66713211382114       0.14297153113131145      0.8570284688687256       -1.0036708742270115      2.5146566972021023
97.99999999999999        1420                     304.66713211382114       0.1699957504650985       0.8300042495349141       -1.8335846092852393      2.1127514339110065
97.99999999999999        1430                     304.66713211382114       0.1995955525161569       0.8004044474838691       -2.619506595957305       1.7170386281351375
97.99999999999999        1440                     304.66713211382114       0.22803744077915683      0.7719625592206767       2.9123830222245215       1.3275524182170602
97.99999999999999        1450                     304.66713211382114       0.2523716604417673       0.7476283395581792       2.186287277062127        0.943659419209862
97.99999999999999        1459.9999999999998       304.66713211382114       0.27070886692158885      0.7292911330782574       1.477887301562522        0.5643899686935007
97.99999999999999        1470                     304.66713211382114       0.2817884963544389       0.7182115036447564       0.7803185838610656       0.18823812337635168
97.99999999999999        1479.9999999999998       304.66713211382114       0.2850262560190903       0.7149737439806875       0.08779565747597479      -0.18640268554825545
97.99999999999999        1490                     304.66713211382114       0.28029824668493036      0.7197017533149264       -0.6051256781351365      -0.5611366758430526
97.99999999999999        1499.9999999999998       304.66713211382114       0.2678040335419717       0.7321959664579103       -1.3042200254265326      -0.937733510152307
100                      1400                     304.66713211382114       0.10916411914883238      0.8908358808512783       1.0283729271044282       -2.9176823155487455
100                      1409.9999999999998       304.66713211382114       0.10212388742143994      0.8978761125785455       0.09415807001436449      2.9569829981007527
100                      1420                     304.66713211382114       0.10758421956771777      0.8924157804324179       -0.8427007534079556      2.5483061825705238
100                      1430                     304.66713211382114       0.12452485449837893      0.8754751455012216       -1.74401829649937        2.141994153922222
100                      1440                     304.66713211382114       0.14995262161868478      0.8500473783829667       -2.592532392600556       1.7401865757827943
100                      1450                     304.66713211382114       0.17981688742337001      0.820183112576712        2.892045497077414        1.3441487106189662
100                      1459.9999999999998       304.66713211382114       0.21013813246524607      0.7898618675346295       2.133625699181143        0.9544852935229828
100                      1470                     304.66713211382114       0.2376356795159172       0.762364320483762        1.4049931278254653       0.5708838857458775
100                      1479.9999999999998       304.66713211382114       0.2598805104344476       0.7401194895654694       0.697532817782912        0.19246972514887123
100                      1490                     304.66713211382114       0.2753202792157702       0.7246797207842615       0.0041236676380029475    -0.18201790129700077
100                      1499.9999999999998       304.66713211382114       0.28319096731364646      0.7168090326864072       -0.681170228938414       -0.5540049554927623
101.99999999999999       1400                     304.66713211382114       0.16464907676917565      0.8353509232309981       2.0914948747531104       -2.461676505524133
101.99999999999999       1409.9999999999998       304.66713211382114       0.13466558993142097      0.8653344100685505       1.2865322390384806       -2.8566636777173615
101.99999999999999       1420                     304.66713211382114       0.11027625203862472      0.8897237479611441       0.42639776036380017      3.025982356763583
101.99999999999999       1430                     304.66713211382114       0.09547387064784336      0.9045261293521736       -0.490275185342935       2.621406594543288
101.99999999999999       1440                     304.66713211382114       0.09282141347876147      0.9071785865212889       -1.438818963806529       2.2150118408797477
101.99999999999999       1450                     304.66713211382114       0.10282638694588385      0.8971736130541528       -2.373027330196259       1.8094074782882923
101.99999999999999       1459.9999999999998       304.66713211382114       0.12368900850949578      0.8763109914904565       3.025720908136134        1.406937998695996
101.99999999999999       1470                     304.66713211382114       0.15186410747050427      0.8481358925294427       2.199247119655904        1.0095894571254571
101.99999999999999       1479.9999999999998       304.66713211382114       0.18320963398094725      0.8167903660192044       1.4219750247334173       0.618297886180824
101.99999999999999       1490                     304.66713211382114       0.21391388403104908      0.7860861159682614       0.6821278999719048       0.23335470875307016
101.99999999999999       1499.9999999999998       304.66713211382114       0.24095061497797468      0.7590493850222847       -0.030480011542441336    -0.14565755685297876
103.99999999999999       1400                     304.66713211382114       0.24286199175785536      0.757138008242132        2.8904103466332787       -2.022607436628963
103.99999999999999       1409.9999999999998       304.66713211382114       0.21625784270903686      0.7837421572909747       2.1927759193820497       -2.397139512586698
103.99999999999999       1420                     304.66713211382114       0.185311524572234        0.8146884754277314       1.4702654162284094       -2.7775022219514995
103.99999999999999       1430                     304.66713211382114       0.15283952457137714      0.8471604754286506       0.7129072556160678       3.1190640751321763
103.99999999999999       1440                     304.66713211382114       0.1225006131672366       0.8774993868326916       -0.09220476869988135     2.7261723917219194
103.99999999999999       1450                     304.66713211382114       0.09843356810427564      0.9015664318958116       -0.9581678052739827      2.3277485889098717
103.99999999999999       1459.9999999999998       304.66713211382114       0.08448894600042088      0.915511053999477        -1.8858656994643002      1.9255631237753406
103.99999999999999       1470                     304.66713211382114       0.08307315729864291      0.9169268427014269       -2.845712458103616       1.52184964096701
103.99999999999999       1479.9999999999998       304.66713211382114       0.09447280898528382      0.905527191014587        2.4989643858180153       1.1190785392778106
103.99999999999999       1490                     304.66713211382114       0.11663314314928365      0.8833668568508234       1.6192504506473273       0.7197462904428629
103.99999999999999       1499.9999999999998       304.66713211382114       0.14598139861096737      0.8540186013891171       0.8017736720956293       0.3255146150939409
106                      1400                     304.66713211382114       0.28091444775364716      0.7190855522464155       -2.7321763265078967      -1.5984607776106814
106                      1409.9999999999998       304.66713211382114       0.2754566261886863       0.7245433738114302       2.897084677475839        -1.9595114428133193
106                      1420                     304.66713211382114       0.26217713571965495      0.7378228642802009       2.2382307930951892       -2.3223087226806087
106                      1430                     304.66713211382114       0.24162371475213276      0.7583762852477554       1.568937747151037        -2.6884487469666545
106                      1440                     304.66713211382114       0.2148146993739041       0.7851853006261895       0.8838767861253513       -3.0591385148075205
106                      1450                     304.66713211382114       0.18345940308014322      0.8165405969200242       0.17555187118416582      2.8477670720896033
106                      1459.9999999999998       304.66713211382114       0.1501462566003283       0.8498537433995903       -0.5662319638156078      2.465105789053791
106                      1470                     304.66713211382114       0.11836810312838938      0.8816318968717595       -1.3548394704932427      2.076182323034408
106                      1479.9999999999998       304.66713211382114       0.0923027888269565       0.9076972111731563       -2.2060228173754695      1.6816830244276868
106                      1490                     304.66713211382114       0.07584086216056124      0.9241591378395326       -3.129451061993553       1.2828536729001156
106                      1499.9999999999998       304.66713211382114       0.07176267287855281      0.9282373271227183       2.1823810485985238       0.8821302372144724
107.99999999999999       1400                     304.66713211382114       0.24206201286613252      0.7579379871338798       -2.0777795525846203      -1.1543194163853352
107.99999999999999       1409.9999999999998       304.66713211382114       0.2621479818712206       0.7378520181287473       -2.733791109420931       -1.5161171592304532
107.99999999999999       1420                     304.66713211382114       0.27489219336358217      0.7251078066364245       2.9022401850428023       -1.8749371526282408
107.99999999999999       1430                     304.66713211382114       0.2798502947882145       0.7201497052117346       2.259544052458646        -2.2320991443542026
107.99999999999999       1440                     304.66713211382114       0.2769076161093161       0.7230923838906164       1.617304168264117        -2.5890958297139597
107.99999999999999       1450                     304.66713211382114       0.26609659608702524      0.7339034039129247       0.9715751711170353       -2.9473826015309785
107.99999999999999       1459.9999999999998       304.66713211382114       0.24786630675890703      0.7521336932412589       0.3181740469826234       2.9748447958189863
107.99999999999999       1470                     304.66713211382114       0.22290509821277085      0.7770949017871882       -0.3479974392696436      2.6098441536558754
107.99999999999999       1479.9999999999998       304.66713211382114       0.19259699347879566      0.8074030065211388       -1.0334516876239739      2.239592213540459
107.99999999999999       1490                     304.66713211382114       0.15900475113701146      0.8409952488631112       -1.7465228000312747      1.8633388083509763
107.99999999999999       1499.9999999999998       304.66713211382114       0.12520193236641997      0.8747980676336202       -2.4992798801565383      1.4808098879913805
109.99999999999999       1400                     304.66713211382114       0.12553780914778356      0.8744621908517994       -1.2383795999455776      -0.6338754875585358
109.99999999999999       1409.9999999999998       304.66713211382114       0.16029726981900197      0.8397027301810781       -1.9667156915787465      -1.011291050248744
109.99999999999999       1420                     304.66713211382114       0.19409024611816375      0.8059097538821186       -2.659351081347308       -1.3824788382945288
109.99999999999999       1430                     304.66713211382114       0.22409409455086438      0.7759059054492852       2.9555027424989024       -1.7478689196853623
109.99999999999999       1440                     304.66713211382114       0.24847866031639587      0.7515213396835916       2.304079249985019        -2.108292491119939
109.99999999999999       1450                     304.66713211382114       0.2660226394649543       0.7339773605351045       1.6638390254884476       -2.4649198530346452
109.99999999999999       1459.9999999999998       304.66713211382114       0.27621885929334894      0.7237811407060885       1.0302836357160292       -2.819020675701283
109.99999999999999       1470                     304.66713211382114       0.2786377431087367       0.7213622568917417       0.3997520645238169       3.111210821515877
109.99999999999999       1479.9999999999998       304.66713211382114       0.2732480338554925       0.7267519661442233       -0.23162191284572475     2.7579456395028057
109.99999999999999       1490                     304.66713211382114       0.26024873456719044      0.7397512654326811       -0.8672102077898781      2.403048828688192
109.99999999999999       1499.9999999999998       304.66713211382114       0.24000499499943556      0.7599950050006223       -1.5109951774527428      2.0451868470375505
112                      1400                     304.66713211382114       0.03905358820961959      0.9609464117904939       0.48486841808531056      -0.0017304801574777385
112                      1409.9999999999998       304.66713211382114       0.04352787490449743      0.956472125095557        -0.5625561337627374      -0.39196294372779006
112                      1420                     304.66713211382114       0.060574345157182616     0.9394256548428159       -1.514477326872041       -0.7803835402332112
112                      1430                     304.66713211382114       0.08756909610238492      0.9124309038979873       -2.353624701586683       -1.164795630557895
112                      1440                     304.66713211382114       0.12071204861626372      0.8792879513837615       -3.113367141553157       -1.5438660334503975
112                      1450                     304.66713211382114       0.15605769378307316      0.8439423062170243       2.46033133791828         -1.9170479636365552
112                      1459.9999999999998       304.66713211382114       0.1902600108718682       0.8097399891282422       1.78418686820451         -2.283952791265074
112                      1470                     304.66713211382114       0.22059344630741376      0.7794065536927495       1.130551968537473        -2.645148111277078
112                      1479.9999999999998       304.66713211382114       0.24536409583992763      0.7546359041603155       0.492056016855807        -3.0015937474910483
112                      1490                     304.66713211382114       0.26345740867888756      0.7365425913210272       -0.1359936948654722      2.9289192383803497
112                      1499.9999999999998       304.66713211382114       0.27430966160210535      0.7256903383979515       -0.7575543225312154      2.5788408706468666
113.99999999999999       1400                     304.66713211382114       0.1328050671643391       0.8671949328356356       2.2787449065684724       0.6685746165610458
113.99999999999999       1409.9999999999998       304.66713211382114       0.09759825166598471      0.9024017483339928       1.5688060688811467       0.2969434563415246
113.99999999999999       1420                     304.66713211382114       0.06620664214274151      0.9337933578571918       0.798318767291671        -0.08044798427825638
113.99999999999999       1430                     304.66713211382114       0.04251673992734273      0.9574832600726805       -0.07403955121234505     -0.4623983756299998
113.99999999999999       1440                     304.66713211382114       0.029837994963404404     0.9701620050365343       -1.0958646572922588      -0.8475121427005836
113.99999999999999       1450                     304.66713211382114       0.03007993973158717      0.969920060268334        -2.2070092258248697      -1.2336759931585426
113.99999999999999       1459.9999999999998       304.66713211382114       0.04324185677584421      0.9567581432241993       3.059884241915438        -1.6187486791215997
113.99999999999999       1470                     304.66713211382114       0.06726310406975747      0.9327368959303468       2.1923435868288257       -2.0006082235288094
113.99999999999999       1479.9999999999998       304.66713211382114       0.09884541936886973      0.9011545806311871       1.4248087250183867       -2.3777207290969433
113.99999999999999       1490                     304.66713211382114       0.134125951014816        0.8658740489851555       0.71669559902502         -2.7491530437230516
113.99999999999999       1499.9999999999998       304.66713211382114       0.16952227959426422      0.8304777204057302       0.04529559731672257      -3.1145726759414707
115.99999999999999       1400                     304.66713211382114       0.25976197591381067      0.7402380240862064       -3.115765589058562       1.278410084751678
115.99999999999999       1409.9999999999998       304.66713211382114       0.24176337460577185      0.7582366253943273       2.567056571046201        0.9346725722811761
115.99999999999999       1420                     304.66713211382114       0.21739961467240546      0.7826003853275082       1.9587771242209704       0.5873721761940182
115.99999999999999       1430                     304.66713211382114       0.18757397230523606      0.8124260276945073       1.3393952863848484       0.23572991602028376
115.99999999999999       1440                     304.66713211382114       0.1537131549803213       0.8462868450196764       0.7042275070079624       -0.12106702445075303
115.99999999999999       1450                     304.66713211382114       0.1179355485545576       0.8820644514456006       0.045410576088791905     -0.48363427050294094
115.99999999999999       1459.9999999999998       304.66713211382114       0.08309705271188039      0.9169029472881385       -0.6500813056549913      -0.8519871970614127
115.99999999999999       1470                     304.66713211382114       0.052773984057739684     0.947226015942295        -1.408771446282145       -1.2256168550854132
115.99999999999999       1479.9999999999998       304.66713211382114       0.03050066646332662      0.9694993335366343       -2.2879790911974047      -1.6036304268707302
115.99999999999999       1490                     304.66713211382114       0.0193371232247271       0.9806628767752711       2.9112824682003837       -1.984361272201721
115.99999999999999       1499.9999999999998       304.66713211382114       0.020933717498774124     0.9790662825011847       1.7115005100374343       -2.365878136961378
118                      1400                     304.66713211382114       0.24221266516292642      0.7577873348371424       -2.399354265428529       1.874690557018319
118                      1409.9999999999998       304.66713211382114       0.25937258907377525      0.7406274109261116       -2.984578022663056       1.535832054418415
118                      1420                     304.66713211382114       0.27002854480404215      0.7299714551959394       2.7174941927663734       1.1992249149892835
118                      1430                     304.66713211382114       0.27397899204602094      0.7260210079539622       2.1381389526478114       0.863693336221691
118                      1440                     304.66713211382114       0.2712009866162827       0.7287990133839078       1.5590015161251798       0.5282899000693578
118                      1450                     304.66713211382114       0.26166590346626434      0.7383340965338078       0.9781518775752366       0.19188235356006117
118                      1459.9999999999998       304.66713211382114       0.24564640523919187      0.7543535947609644       0.3938962032685351       -0.1464726334106223
118                      1470                     304.66713211382114       0.22343900282704995      0.7765609971729864       -0.19593574333396518     -0.4878017391204633
118                      1479.9999999999998       304.66713211382114       0.1956509987752207       0.8043490012248052       -0.7940380645335133      -0.8331076800583121
118                      1490                     304.66713211382114       0.16344541020651934      0.8365545897934019       -1.4030351062493502      -1.1830259392248872
118                      1499.9999999999998       304.66713211382114       0.12841916074122234      0.8715808392587469       -2.027841871348619       -1.5382066663549312
120                      1400                     304.66713211382114       0.061303795862594594     0.9386962041374161       -1.5468002657819409      2.6048744072614283
120                      1409.9999999999998       304.66713211382114       0.09418350159616004      0.9058164984038196       -2.183109455091103       2.2452724588758923
120                      1420                     304.66713211382114       0.12902270538543553      0.8709772946146517       -2.7958661073023876      1.8907806302241739
120                      1430                     304.66713211382114       0.1631698032947093       0.8368301967052573       2.88942971228473         1.5414920757020412
120                      1440                     304.66713211382114       0.19441395795453373      0.8055860420453906       2.302162135498156        1.1970666875758595
120                      1450                     304.66713211382114       0.22143861346440016      0.7785613865356684       1.7229237030185711       0.8570396970695081
120                      1459.9999999999998       304.66713211382114       0.2432428552881232       0.7567571447120396       1.1493417234749268       0.5205350764702338
120                      1470                     304.66713211382114       0.25923256292194324      0.7407674370778917       0.579984271781513        0.18688987483652422
120                      1479.9999999999998       304.66713211382114       0.2691345235391978       0.7308654764607759       0.013734470877961745     -0.14474315739627983
120                      1490                     304.66713211382114       0.27272442913416123      0.727275570865709        -0.5513163762033428      -0.4754698226367451
120                      1499.9999999999998       304.66713211382114       0.2700477680630127       0.7299522319369639       -1.1163273841345858      -0.8061057075602683
