% Model:              nanoholes_rw_sweep.mph
% Version:            COMSOL 6.0.0.405
% Date:               Apr 3 2024, 09:34
% Table:              Table 1 - Global Evaluation 1
% r (nm)                 h_meta (nm)              freq (THz)               reflection (1)           transmission (1)         reflection_phi (rad)     transmission_phi (rad)
19.999999999999996       600                      304.66713211382114       0.3029472992359588       0.6970527007639016       0.19760432044754367      -0.10925581040990233
19.999999999999996       610                      304.66713211382114       0.3008799671472727       0.6991200328525444       -0.6843977186919403      -0.5505657327817952
19.999999999999996       619.9999999999999        304.66713211382114       0.2988171134710975       0.7011828865289632       -1.5692513037275595      -0.9925628572626185
19.999999999999996       629.9999999999999        304.66713211382114       0.2972093495173219       0.7027906504823629       -2.456663089806822       -1.4351380343975977
19.999999999999996       639.9999999999999        304.66713211382114       0.2963127380614298       0.7036872619386476       2.9373538903771603       -1.8781238734216774
19.999999999999996       650                      304.66713211382114       0.2963252119378147       0.7036747880622806       2.0475315150811637       -2.3212532640944716
19.999999999999996       660                      304.66713211382114       0.2972282750112904       0.7027717249886865       1.158385311095926        -2.764223907917224
19.999999999999996       670                      304.66713211382114       0.2988987837736892       0.7011012162263606       0.2710022578998411       3.0763842721472003
19.999999999999996       680                      304.66713211382114       0.30095304362704717      0.6990469563731558       -0.6137536610418762      2.634418410436003
19.999999999999996       690                      304.66713211382114       0.3030240961792877       0.6969759038206643       -1.495683145621739       2.193088984122815
19.999999999999996       700                      304.66713211382114       0.30474297125952166      0.695257028740336        -2.3749889137616913      1.7523695320031492
22                       600                      304.66713211382114       0.3025016710877032       0.6974983289122629       0.2602568097806336       -0.07856844009425012
22                       610                      304.66713211382114       0.30009770512275225      0.6999022948772676       -0.62015521925747        -0.5192636018547936
22                       619.9999999999999        304.66713211382114       0.2976440389681171       0.7023559610319741       -1.5039578224881218      -0.9607511650556482
22                       629.9999999999999        304.66713211382114       0.29565547258032054      0.7043445274197241       -2.3908025660463648      -1.4029255603276691
22                       639.9999999999999        304.66713211382114       0.2945066939497116       0.7054933060503724       3.0033430600666735       -1.8455905658103948
22                       650                      304.66713211382114       0.29437359664377627      0.7056264033568757       2.1133742236080515       -2.288475933391026
22                       660                      304.66713211382114       0.29533531036797567      0.7046646896310954       1.2239884504350036       -2.7312346909853944
22                       670                      304.66713211382114       0.29720360829097914      0.7027963917090871       0.3365306005099698       3.1096410914132298
22                       680                      304.66713211382114       0.2995762023193643       0.700423797680147        -0.54791017496153        2.6680144372353833
22                       690                      304.66713211382114       0.3020474408459251       0.697952559154102        -1.4289443386209344      2.2271610908286132
22                       700                      304.66713211382114       0.3041392590209966       0.6958607409788365       -2.3069321387438784      1.7870409276432295
24                       600                      304.66713211382114       0.30209996021659896      0.6979000397834804       0.3264131387020127       -0.04615621944524386
24                       610                      304.66713211382114       0.2993427894680151       0.7006572105318786       -0.5522151867529523      -0.4861611605535448
24                       619.9999999999999        304.66713211382114       0.2964799101883053       0.7035200898116615       -1.4347081620964088      -0.9270588977857664
24                       629.9999999999999        304.66713211382114       0.2940973811195763       0.7059026188802889       -2.3208407982190375      -1.3687751637104226
24                       639.9999999999999        304.66713211382114       0.29259957154577526      0.7074004284541927       3.073457105525459        -1.8111161023121531
24                       650                      304.66713211382114       0.29230620677709535      0.7076937932228865       2.183313421934812        -2.253742662203739
24                       660                      304.66713211382114       0.2932730926544913       0.7067269073452543       1.2936485704997276       -2.696265602673191
24                       670                      304.66713211382114       0.29532095480589904      0.7046790451940494       0.40609309093556883      -3.1383025341402195
24                       680                      304.66713211382114       0.2980520175076235       0.701947982492296        -0.4781481237951464      2.703587188329934
24                       690                      304.66713211382114       0.30092768879408394      0.6990723112058932       -1.3584750638760201      2.2631677648330073
24                       700                      304.66713211382114       0.30341748848772443      0.6965825115124444       -2.2350775635955187      1.8236446190294904
25.999999999999996       600                      304.66713211382114       0.30173625776836005      0.6982637422316792       0.3958165317629518       -0.012111634029577835
25.999999999999996       610                      304.66713211382114       0.29864872431638667      0.7013512756835097       -0.48084578368831216     -0.45136306377557556
25.999999999999996       619.9999999999999        304.66713211382114       0.29535341380171204      0.7046465861982256       -1.361838062940451       -0.8916177818981902
25.999999999999996       629.9999999999999        304.66713211382114       0.2925188736573675       0.7074811263426679       -2.2470768906139216      -1.3328345598506246
25.999999999999996       639.9999999999999        304.66713211382114       0.2906501107059151       0.7093498892939558       -3.135566066186746       -1.774758197734284
25.999999999999996       650                      304.66713211382114       0.2901212094866166       0.7098787905133114       2.2573413312892137       -2.2171289764836004
25.999999999999996       660                      304.66713211382114       0.29103952798633825      0.708960472013833        1.367320482627467        -2.6594106803106072
25.999999999999996       670                      304.66713211382114       0.293243085514106        0.7067569144858475       0.47955005254440525      -3.101182938209978
25.999999999999996       680                      304.66713211382114       0.29627592757902427      0.7037240724208487       -0.4045290110836102      2.741045125762515
25.999999999999996       690                      304.66713211382114       0.2995818966007159       0.7004181034004996       -1.2842800580315468      2.3010721907711114
25.999999999999996       700                      304.66713211382114       0.3025429242536583       0.6974570757468973       -2.159681559027506       1.8621155254826893
28                       600                      304.66713211382114       0.3014425049676362       0.698557495032615        0.46846940316378616      0.023554016874111263
28                       610                      304.66713211382114       0.2980081218871375       0.7019918781128208       -0.40600112954883594     -0.4148773859640693
28                       619.9999999999999        304.66713211382114       0.2942771134405007       0.7057228865596638       -1.2852721307944475      -0.8544467078533701
28                       629.9999999999999        304.66713211382114       0.29096715380201876      0.7090328461980802       -2.169390830839029       -1.295084813461676
28                       639.9999999999999        304.66713211382114       0.28867507631789047      0.7113249236820448       -3.057462803509675       -1.736586446712347
28                       650                      304.66713211382114       0.2878467997313049       0.7121532002686988       2.3354188257471633       -2.1785994363348187
28                       660                      304.66713211382114       0.2886681627951493       0.7113318372045431       1.4449952430887731       -2.6206768574891104
28                       670                      304.66713211382114       0.2909750758963765       0.7090249241035994       0.5568927212215506       -3.0621912048946998
28                       680                      304.66713211382114       0.2943180092392122       0.7056819907608924       -0.32720701423449977     2.7803675722022563
28                       690                      304.66713211382114       0.2980425648023021       0.7019574351977097       -1.2064203564492897      2.340812344114072
28                       700                      304.66713211382114       0.3014831280653343       0.6985168719345282       -2.0807494362157275      1.902387086010787
30                       600                      304.66713211382114       0.30121749720533075      0.6987825027945681       0.5440922089872088       0.06074656136909857
30                       610                      304.66713211382114       0.297468613707191        0.7025313862927721       -0.3278777977584938      -0.37679875190816836
30                       619.9999999999999        304.66713211382114       0.293285657683485        0.7067143423166556       -1.2051346150169762      -0.8155654677856936
30                       629.9999999999999        304.66713211382114       0.28945998427102737      0.710540015729           -2.0879862504911513      -1.2555928687784874
30                       639.9999999999999        304.66713211382114       0.2866732120260556       0.7133267879738878       -2.9753997148255977      -1.6966152640158276
30                       650                      304.66713211382114       0.28548902550400324      0.7145109744958372       2.4174051132762067       -2.1383051605291037
30                       660                      304.66713211382114       0.2861458674819486       0.7138541325185471       1.526765510737242        -2.5800368144542634
30                       670                      304.66713211382114       0.28850905754926537      0.7114909424508677       0.6381825526816979       -3.021345014144598
30                       680                      304.66713211382114       0.29210644708683836      0.7078935529131222       -0.24609501618477125     2.821504256310268
30                       690                      304.66713211382114       0.296276187559199        0.7037238124409906       -1.1249865796481473      2.3823793514266165
30                       700                      304.66713211382114       0.30022923034679166      0.6997707696531374       -1.9983334791079936      1.944529356541363
31.999999999999996       600                      304.66713211382114       0.3010392594993442       0.6989607405008668       0.6226555651138573       0.09944625090471997
31.999999999999996       610                      304.66713211382114       0.2970187810523413       0.7029812189475168       -0.24656282398520074     -0.33711467433594583
31.999999999999996       619.9999999999999        304.66713211382114       0.29239843342450805      0.7076015665756453       -1.1215703201686675      -0.7750271544061222
31.999999999999996       629.9999999999999        304.66713211382114       0.28802546903429244      0.7119745309657535       -2.0027942832067267      -1.2143332408212677
31.999999999999996       639.9999999999999        304.66713211382114       0.2847037456377206       0.7152962543623211       -2.8893596946085265      -1.6548093937844959
31.999999999999996       650                      304.66713211382114       0.28308297397014937      0.7169170260303136       2.503594190600442        -2.096100896952202
31.999999999999996       660                      304.66713211382114       0.2834809149908859       0.7165190850096212       1.6125621204829037       -2.5375779399679304
31.999999999999996       670                      304.66713211382114       0.2858409601998012       0.7141590398000021       0.7234652331312077       -2.97859747920667
31.999999999999996       680                      304.66713211382114       0.2896880255615598       0.7103119744386267       -0.1611623679869482      2.8645190898308126
31.999999999999996       690                      304.66713211382114       0.2942696263797647       0.7057303736203453       -1.0399451447316754      2.4257473264480716
31.999999999999996       700                      304.66713211382114       0.29876255112864497      0.7012374488714644       -1.9125531253627563      1.988387548548452
33.99999999999999        600                      304.66713211382114       0.30092424067065077      0.6990757593292785       0.7042346585017211       0.13970426889123602
33.99999999999999        610                      304.66713211382114       0.2966947705619191       0.7033052294380506       -0.16208741247120903     -0.2958430206723887
33.99999999999999        619.9999999999999        304.66713211382114       0.2916264288785917       0.7083735711215438       -1.034532623512867       -0.7328217855847474
33.99999999999999        629.9999999999999        304.66713211382114       0.286704847485379        0.7132951525146666       -1.913883651056925       -1.1713441930020214
33.99999999999999        639.9999999999999        304.66713211382114       0.28278678764192905      0.7172132123580782       -2.7993878218429598      -1.611224418193599
33.99999999999999        650                      304.66713211382114       0.2806296885663987       0.7193703114336857       2.5939580423670625       -2.052050627746674
33.99999999999999        660                      304.66713211382114       0.28070920534783184      0.7192907946521641       1.7026246780439953       -2.493172244322617
33.99999999999999        670                      304.66713211382114       0.2829685350922232       0.717031464908232        0.8128978536237896       -2.9339659523409356
33.99999999999999        680                      304.66713211382114       0.2869987966992691       0.7130012033007243       -0.07233488787077653     2.909387846429222
33.99999999999999        690                      304.66713211382114       0.29198961508868626      0.7080103849112163       -0.95122913201994        2.4709441952235
33.99999999999999        700                      304.66713211382114       0.29703344254718417      0.7029665574527826       -1.8231653689330287      2.034097304562198
36                       600                      304.66713211382114       0.30089817486658393      0.6991018251333792       0.7886491471277327       0.18148669955236862
36                       610                      304.66713211382114       0.2964738816368496       0.7035261183629736       -0.07451578923222504     -0.2529880111768759
36                       619.9999999999999        304.66713211382114       0.29100424961674404      0.7089957503830078       -0.9440539181125902      -0.6889382840685846
36                       629.9999999999999        304.66713211382114       0.28549629152800277      0.7145037084716959       -1.8211665773284766      -1.126586372520168
36                       639.9999999999999        304.66713211382114       0.2809383562361268       0.7190616437638795       -2.705265531786873       -1.5657652773185673
36                       650                      304.66713211382114       0.27819411540420397      0.7218058845958061       2.688554041281394        -2.006092892000275
36                       660                      304.66713211382114       0.2778318605709594       0.7221681394285059       1.7968923174758182       -2.4468992621265113
36                       670                      304.66713211382114       0.27994255357254066      0.7200574464275658       0.9065770659023344       -2.8873990371304936
36                       680                      304.66713211382114       0.28405334307745006      0.7159466569223732       0.020698677363762467     2.956222228362857
36                       690                      304.66713211382114       0.28940562198697434      0.7105943780129025       -0.8585651670343271      2.5180783987479716
36                       700                      304.66713211382114       0.29499909043591327      0.7050009095640137       -1.730108528749705       2.081679735394532
38                       600                      304.66713211382114       0.300935500656527        0.6990644993435059       0.8757793114968064       0.22475727201788803
38                       610                      304.66713211382114       0.2963863317190968       0.7036136682808914       0.016149035759245624     -0.20851975299497105
38                       619.9999999999999        304.66713211382114       0.2905579702356721       0.7094420297642801       -0.8502048370022435      -0.6433715104481371
38                       629.9999999999999        304.66713211382114       0.2844632919737483       0.7155367080261198       -1.7246907511973906      -1.0800507149456053
38                       639.9999999999999        304.66713211382114       0.2792194437442067       0.7207805562558747       -2.607055728547335       -1.5184481699660168
38                       650                      304.66713211382114       0.27579658768251336      0.7242034123175403       2.787585990272291        -1.9581816335986515
38                       660                      304.66713211382114       0.27489964194805966      0.7251003580524517       1.8958328180050206       -2.3985541112246906
38                       670                      304.66713211382114       0.27670895812596025      0.723291041874134        1.0046968412696806       -2.838831650658578
38                       680                      304.66713211382114       0.28084365161973696      0.7191563483800547       0.11800565192652433      3.0050375653757464
38                       690                      304.66713211382114       0.2865134183890239       0.7134865816108786       -0.7618018504605776      2.5671593817171017
38                       700                      304.66713211382114       0.2926602448607567       0.7073397551395681       -1.6334096821101591      2.1311278313893043
39.99999999999999        600                      304.66713211382114       0.30099536728868836      0.6990046327113103       0.9658310735620772       0.2696100148677016
39.99999999999999        610                      304.66713211382114       0.29642311151352113      0.7035768884864699       0.10992004485558143      -0.1624355305470962
39.99999999999999        619.9999999999999        304.66713211382114       0.29028924902098735      0.7097107509791993       -0.7529874332472426      -0.5960970923269296
39.99999999999999        629.9999999999999        304.66713211382114       0.28362551675964875      0.7163744832403872       -1.6243866853465903      -1.0316960665539574
39.99999999999999        639.9999999999999        304.66713211382114       0.27764684989793864      0.7223531501021208       -2.5045449880398287      -1.4691924411757764
39.99999999999999        650                      304.66713211382114       0.2734825820739612       0.7265174179260256       2.8910814515550407       -1.9082903847678174
39.99999999999999        660                      304.66713211382114       0.2719381608594455       0.7280618391405425       1.9994277524054436       -2.34820231073573
39.99999999999999        670                      304.66713211382114       0.27331929669956395      0.7266807033002994       1.107650079657382        -2.788151166729618
39.99999999999999        680                      304.66713211382114       0.27736396736079877      0.7226360326392759       0.21986720742744045      3.0559109597320036
39.99999999999999        690                      304.66713211382114       0.2832753065233809       0.7167246934766925       -0.66079988141392        2.618276732207444
39.99999999999999        700                      304.66713211382114       0.289970921915076        0.710029078084818        -1.532683945083196       2.1825794191258554
42                       600                      304.66713211382114       0.30111241646481796      0.6988875835344619       1.0587276008184459       0.31603811221338235
42                       610                      304.66713211382114       0.2966058790041431       0.7033941209959005       0.20672672431472722      -0.11468137876213158
42                       619.9999999999999        304.66713211382114       0.29020974119659876      0.7097902588036731       -0.6522320431426727      -0.5470603059514006
42                       629.9999999999999        304.66713211382114       0.28300204920686256      0.716997950792819        -1.5202305903959594      -0.9814741021621873
42                       639.9999999999999        304.66713211382114       0.2762789159724452       0.7237210840274322       -2.3978302721813334      -1.4179866079745225
42                       650                      304.66713211382114       0.2712755992078136       0.7287244007923012       2.9993871671315975       -1.8562780762444069
42                       660                      304.66713211382114       0.2689597824996053       0.73104021750033         2.1080367611077686       -2.295690877434451
42                       670                      304.66713211382114       0.26979236971866827      0.7302076302810877       1.2155861735313753       -2.7353151320879485
42                       680                      304.66713211382114       0.2736375267836132       0.7263624732155849       0.32658968639277436      3.1089654772129762
42                       690                      304.66713211382114       0.27970598323859747      0.7202940167614936       -0.5552139152088761      2.671537965428565
42                       700                      304.66713211382114       0.2868626971682566       0.7131373028318068       -1.4277365793073742      2.2361172053839367
44                       600                      304.66713211382114       0.3012473605824856       0.6987526394174585       1.1543676093929351       0.3640800807370647
44                       610                      304.66713211382114       0.2969013925572212       0.7030986074426335       0.30654605501243715      -0.06524481701424685
44                       619.9999999999999        304.66713211382114       0.29036395693363176      0.7096360430663903       -0.5482803049431202      -0.49627162956141196
44                       629.9999999999999        304.66713211382114       0.28267218129020993      0.7173278187098485       -1.4122921835007276      -0.9293681679625356
44                       639.9999999999999        304.66713211382114       0.2751903261186266       0.7248096738816963       -2.286671392061193       -1.364739904751506
44                       650                      304.66713211382114       0.26927027285537114      0.7307297271446626       3.1125428871794423       -1.8021387851907662
44                       660                      304.66713211382114       0.26605650032807415      0.7339434996718947       2.2218730517516416       -2.2409116933975435
44                       670                      304.66713211382114       0.266185724626255        0.7338142753738329       1.3288859506539434       -2.680152212984748
44                       680                      304.66713211382114       0.26965969576509646      0.7303403042348906       0.43860606673599845      -3.118850251618387
44                       690                      304.66713211382114       0.2757662375209142       0.724233762479125        -0.44467140481929196     2.7270620864281243
44                       700                      304.66713211382114       0.28333583926716727      0.7166641607330474       -1.3182034122027586      2.2918690257716925
45.99999999999999        600                      304.66713211382114       0.30135620056892454      0.6986437994310924       1.2529227985731077       0.4138010967811521
45.99999999999999        610                      304.66713211382114       0.29731041582949086      0.7026895841706148       0.4094475335636202       -0.0140863961978336
45.99999999999999        619.9999999999999        304.66713211382114       0.29071822757812704      0.7092817724217708       -0.44079973230449965     -0.4436098719578252
45.99999999999999        629.9999999999999        304.66713211382114       0.2826129723782973       0.7173870276217282       -1.3004697519312058      -0.8752805078381664
45.99999999999999        639.9999999999999        304.66713211382114       0.2744020604718925       0.7255979395281581       -2.1711616023474773      -1.3094077987089894
45.99999999999999        650                      304.66713211382114       0.267506760971931        0.7324932390280644       -3.052537631139638       -1.745785470168041
45.99999999999999        660                      304.66713211382114       0.26327194045079283      0.7367280595493709       2.341192442812408        -2.1838105220121244
45.99999999999999        670                      304.66713211382114       0.2625374977786691       0.7374625022211044       1.447893445162952        -2.6225898667172993
45.99999999999999        680                      304.66713211382114       0.26547969177846775      0.7345203082215209       0.5562562148234458       -3.061046759796984
45.99999999999999        690                      304.66713211382114       0.27144045615276746      0.7285595438472469       -0.3286852374661618      2.785012698719376
45.99999999999999        700                      304.66713211382114       0.27935398716635756      0.7206460128334476       -1.2037221160859877      2.3499659993648283
48                       600                      304.66713211382114       0.301402063524002        0.6985979364759762       1.3544342807679333       0.4653029316157916
48                       610                      304.66713211382114       0.2977927300808864       0.7022072699189268       0.5152905018204684       0.03884681511843819
48                       619.9999999999999        304.66713211382114       0.29128974888014997      0.7087102511197347       -0.33012102385588477     -0.3891302792448204
48                       629.9999999999999        304.66713211382114       0.2828637211013741       0.7171362788986917       -1.1848205782495485      -0.8192156283429609
48                       639.9999999999999        304.66713211382114       0.2739600356757507       0.7260399643242882       -2.051165992707787       -1.2519321883659764
48                       650                      304.66713211382114       0.2660646005080945       0.7339353994920026       -2.9293002471338325      -1.6871179917133226
48                       660                      304.66713211382114       0.2607228086555145       0.7392771913444999       2.4660973113686606       -2.124297275967705
48                       670                      304.66713211382114       0.25894429024937027      0.7410557097505417       1.572922127689515        -2.562513492699673
48                       680                      304.66713211382114       0.2611152180041658       0.7388847819958456       0.6800770207557493       -3.000655265136611
48                       690                      304.66713211382114       0.2667874515310995       0.7332125484687507       -0.20689803501313586     2.8455045252979736
48                       700                      304.66713211382114       0.2748904826564494       0.7251095173435917       -1.0838298505023227      2.4105541784685514
50                       600                      304.66713211382114       0.3013226185804855       0.6986773814194384       1.459062206590893        0.5186841226142398
50                       610                      304.66713211382114       0.29832877621167886      0.7016712237885726       0.6242996877755728       0.09367864808813248
50                       619.9999999999999        304.66713211382114       0.29205443447170615      0.7079455655283441       -0.21570635277646794     -0.3325455487496243
50                       629.9999999999999        304.66713211382114       0.28347265819529693      0.7165273418045932       -1.0651628687947186      -0.7609863756568783
50                       639.9999999999999        304.66713211382114       0.27390072673590615      0.726099273264107        -1.9265274269843675      -1.1921187258231696
50                       650                      304.66713211382114       0.26502826803771945      0.734971731962188        -2.8006341775542984      -1.6259783445165343
50                       660                      304.66713211382114       0.25843904598930106      0.7415609540107946       2.597200038159263        -2.062096915916995
50                       670                      304.66713211382114       0.25545948798017004      0.7445405120198402       1.7046407365344063       -2.4996349333641694
50                       680                      304.66713211382114       0.25666436050668145      0.743335639493313        0.8107198607837134       -2.937415141966079
50                       690                      304.66713211382114       0.2618266663067647       0.7381733336931271       -0.07838029863456346     2.9089088206139966
50                       700                      304.66713211382114       0.26992192536955173      0.7300780746306698       -0.9576449130251641      2.473999060745256
51.99999999999999        600                      304.66713211382114       0.3010412994963054       0.6989587005036098       1.5666343492680403       0.5738841095956954
51.99999999999999        610                      304.66713211382114       0.29882352975914495      0.7011764702408428       0.7365282024487024       0.1504550565213677
51.99999999999999        619.9999999999999        304.66713211382114       0.2930053978842873       0.7069946021158253       -0.09825447157860187     -0.27408401782357816
51.99999999999999        629.9999999999999        304.66713211382114       0.2843525496557642       0.7156474503443642       -0.9419446567111044      -0.7007376160980668
51.99999999999999        639.9999999999999        304.66713211382114       0.27431348943084255      0.7256865105684354       -1.797791852883946       -1.1301895331234457
51.99999999999999        650                      304.66713211382114       0.26445782554535635      0.7355421744546078       -2.667079612885384       -1.5624948534388508
51.99999999999999        660                      304.66713211382114       0.2565699152467163       0.7434300847533469       2.7340961183349215       -1.9973823261311396
51.99999999999999        670                      304.66713211382114       0.25218969304356653      0.7478103069561526       1.8427814324289424       -2.434082986285925
51.99999999999999        680                      304.66713211382114       0.2522068611036016       0.7477931388964335       0.9481442282442122       -2.871408093389668
51.99999999999999        690                      304.66713211382114       0.25658374582839116      0.7434162541716544       0.05684166442255463      2.9750822395807437
51.99999999999999        700                      304.66713211382114       0.2644797200268397       0.7355202799731242       -0.8251559777308243      2.540166036773582
53.99999999999999        600                      304.66713211382114       0.30047860900064843      0.6995213909994333       1.6773344925567957       0.6310470717469775
53.99999999999999        610                      304.66713211382114       0.29924507283654117      0.7007549271635325       0.8518060094273932       0.20918842461775672
53.99999999999999        619.9999999999999        304.66713211382114       0.2940451435407702       0.7059548564594935       0.022426925619203307     -0.2136227796529538
53.99999999999999        629.9999999999999        304.66713211382114       0.2855861343034615       0.7144138656967028       -0.8152111848486653      -0.6383955498016868
53.99999999999999        639.9999999999999        304.66713211382114       0.27515571050678544      0.7248442894932575       -1.664710986345702       -1.0659099048182044
53.99999999999999        650                      304.66713211382114       0.26440555100832674      0.735594448991437        -2.528360124943289       -1.4964931451281998
53.99999999999999        660                      304.66713211382114       0.2551936593255364       0.7448063406743706       2.8770344187016605       -1.9299600106446742
53.99999999999999        670                      304.66713211382114       0.2493180425067677       0.7506819574931868       1.9879437999328426       -2.36562493577893
53.99999999999999        680                      304.66713211382114       0.24786231761605504      0.7521376823839321       1.0931374178061446       -2.8023247560637583
53.99999999999999        690                      304.66713211382114       0.2511854706219956       0.7488145293779636       0.1997726267745653       3.0443754463735626
53.99999999999999        700                      304.66713211382114       0.25860784950357785      0.7413921504964965       -0.6853546534509594      2.6094709126863656
56                       600                      304.66713211382114       0.29955169612014787      0.7004483038799306       1.7915420781682294       0.6903476549713017
56                       610                      304.66713211382114       0.2995036153725488       0.7004963846275324       0.9702311039490282       0.2699891842267525
56                       619.9999999999999        304.66713211382114       0.2951429263525147       0.7048570736470672       0.14634576159342158      -0.1510395700997925
56                       629.9999999999999        304.66713211382114       0.2870912694885211       0.712908730511434        -0.6848579302597093      -0.573831917665853
56                       639.9999999999999        304.66713211382114       0.2764885324444002       0.7235114675539885       -1.5275114208690803      -0.999284954381965
56                       650                      304.66713211382114       0.2649609070577896       0.7350390929423125       -2.3846776933707954      -1.4279377542143414
56                       660                      304.66713211382114       0.2544621883919526       0.7455378116084078       3.0261059981332443       -1.8597285035615514
56                       670                      304.66713211382114       0.2469049041888833       0.7530950958109298       2.1402732930314823       -2.29412386222544
56                       680                      304.66713211382114       0.2437864564377083       0.756213543562217        1.2461065319112832       -2.730081137423356
56                       690                      304.66713211382114       0.2457251048818963       0.7542748951182846       0.35101764374457023      3.1169942555625636
56                       700                      304.66713211382114       0.2523480141398684       0.7476519858600057       -0.5374447917633903      2.6821064135617636
57.99999999999999        600                      304.66713211382114       0.29814931186066324      0.7018506881393033       1.90922686419311         0.7518574056194945
57.99999999999999        610                      304.66713211382114       0.29946204250426733      0.7005379574958047       1.0919623280491357       0.33294104315806516
57.99999999999999        619.9999999999999        304.66713211382114       0.29621119655652733      0.703788803443387        0.273546415607643        -0.08627542933767862
57.99999999999999        629.9999999999999        304.66713211382114       0.2888059767874018       0.7111940232125608       -0.5510384472801653      -0.5070047133717998
57.99999999999999        639.9999999999999        304.66713211382114       0.27829152568046933      0.7217084743193122       -1.3863333497171197      -0.9302585675222861
57.99999999999999        650                      304.66713211382114       0.2661645809503983       0.7338354190493831       -2.2360793347617314      -1.3567648466296056
57.99999999999999        660                      304.66713211382114       0.25443907471656346      0.7455609252835002       -3.102070836754689       -1.7866403911306985
57.99999999999999        670                      304.66713211382114       0.24514993795213139      0.7548500620478096       2.2997701736670617       -2.219521932564334
57.99999999999999        680                      304.66713211382114       0.24013784720323764      0.759862152796998        1.4073785452831786       -2.654447761879015
57.99999999999999        690                      304.66713211382114       0.24035873102023605      0.7596412689795775       0.5111745345629111       -3.090061611513468
57.99999999999999        700                      304.66713211382114       0.24580684035299855      0.7541931596472442       -0.3805774357264345      2.758302722652097
60                       600                      304.66713211382114       0.29609732370900926      0.7039026762911584       2.030787017378994        0.8157536462688805
60                       610                      304.66713211382114       0.2990082347161988       0.7009917652839045       1.21708132195883         0.39818125160786083
60                       619.9999999999999        304.66713211382114       0.2971296542522104       0.7028703457478389       0.40408657542745485      -0.019208487284274343
60                       629.9999999999999        304.66713211382114       0.29065753880835377      0.7093424611917895       -0.4138758308613203      -0.437850323088809
60                       639.9999999999999        304.66713211382114       0.28049325120325797      0.7195067487965079       -1.241488841194581       -0.8588162248256337
60                       650                      304.66713211382114       0.26805089552306494      0.7319491044769175       -2.083099443041967       -1.2829573616705336
60                       660                      304.66713211382114       0.2552264780934838       0.7447735219065719       -2.9414269100405495      -1.7106643670594082
60                       670                      304.66713211382114       0.24424839958272546      0.7557516004174772       2.466479237024307        -2.1417166795893117
60                       680                      304.66713211382114       0.2371318949418659       0.762868105058956        1.577228987394054        -2.5753505806673433
60                       690                      304.66713211382114       0.23531223969083664      0.7646877603095055       0.6808765683830268       -3.010239894998579
60                       700                      304.66713211382114       0.23916367482046985      0.760836325179681        -0.21387220852081865     2.838323755670459
61.99999999999999        600                      304.66713211382114       0.2932920796934078       0.7067079203064517       2.156668674045743        0.8822465980119836
61.99999999999999        610                      304.66713211382114       0.29797610543114766      0.7020238945686752       1.3460505784372614       0.46589839278822964
61.99999999999999        619.9999999999999        304.66713211382114       0.29771466854170364      0.7022853314581942       0.537768256254857        0.05014663025667773
61.99999999999999        629.9999999999999        304.66713211382114       0.29250674128092047      0.7074932587184791       -0.2734775881244632      -0.36634665993648774
61.99999999999999        639.9999999999999        304.66713211382114       0.28303918846535836      0.7169608115346738       -1.0931169979823916      -0.7848962999670899
61.99999999999999        650                      304.66713211382114       0.2705740964672906       0.7294259035328027       -1.9258647966661926      -1.2064971886759945
61.99999999999999        660                      304.66713211382114       0.2569155734178551       0.743084426582178        -2.7753393097549184      -1.631726511608749
61.99999999999999        670                      304.66713211382114       0.24429653405701385      0.7557034659428506       2.640026395619744        -2.060682688385674
61.99999999999999        680                      304.66713211382114       0.23499597450841248      0.7650040254916417       1.7557144252204877       -2.4926581574711832
61.99999999999999        690                      304.66713211382114       0.2308229679477672       0.7691770320521357       0.8605964810803985       -2.9265710208749347
61.99999999999999        700                      304.66713211382114       0.2326117351559634       0.76738826484422         -0.03650436997135755     2.9223930624671572
63.99999999999999        600                      304.66713211382114       0.28952311344848064      0.7104768865516585       2.2872032562084943       0.9514649769793517
63.99999999999999        610                      304.66713211382114       0.29618482749052033      0.7038151725095277       1.4788453360854992       0.5361941791257511
63.99999999999999        619.9999999999999        304.66713211382114       0.29780600652081024      0.7021939934791296       0.6750208953290971       0.12202866633187799
63.99999999999999        629.9999999999999        304.66713211382114       0.29420522154116047      0.7057947784588385       -0.12983477750566308     -0.2923939736508414
63.99999999999999        639.9999999999999        304.66713211382114       0.28582725131185144      0.7141727486881039       -0.9413594885723618      -0.7084320287261671
63.99999999999999        650                      304.66713211382114       0.27369430072755424      0.7263056992725415       -1.7648175372043093      -1.127341718940777
63.99999999999999        660                      304.66713211382114       0.2595553577058225       0.7404446422942443       -2.6045159253207677      -1.5498863749158382
63.99999999999999        670                      304.66713211382114       0.2454890013605494       0.7545109986396271       2.8199721188896          -1.976318318565654
63.99999999999999        680                      304.66713211382114       0.23399451094787724      0.7660054890520958       1.942517951339018        -2.406325423664993
63.99999999999999        690                      304.66713211382114       0.2271983222386294       0.7728016777613703       1.0506059869280084       -2.838857103029942
63.99999999999999        700                      304.66713211382114       0.2264825045123612       0.7735174954877645       0.15250949548641396      3.0107637789070685
66                       600                      304.66713211382114       0.2846267194144938       0.7153732805855697       2.423162280818813        1.02379082392978
66                       610                      304.66713211382114       0.29341326617945035      0.7065867338204567       1.6162647765823368       0.6093997483773549
66                       619.9999999999999        304.66713211382114       0.2972097089038997       0.7027902910961507       0.8161975707807504       0.1966807112296199
66                       629.9999999999999        304.66713211382114       0.295540627212179        0.7044593727878307       0.017223417021828724     -0.2157480265328968
66                       639.9999999999999        304.66713211382114       0.2886383473078135       0.7113616526921439       -0.7864127458429253      -0.62935846111511
66                       650                      304.66713211382114       0.27732079781605234      0.722679202184072        -1.6002866091431323      -1.045458593434003
66                       660                      304.66713211382114       0.26305185043268237      0.7369481495673456       -2.4292964176699043      -1.4650354337995388
66                       670                      304.66713211382114       0.24788069286252942      0.7521193071373887       3.0058541597672432       -1.8886395780180667
66                       680                      304.66713211382114       0.234308790156373        0.7656912098436001       2.1374135610216434       -2.3161946277980023
66                       690                      304.66713211382114       0.22478351421412893      0.7752164857851647       1.2509600249634865       -2.7469704632687644
66                       700                      304.66713211382114       0.2211309663265728       0.7788690336737009       0.3537478106858794       3.1036655416357055
67.99999999999999        600                      304.66713211382114       0.27846807400137447      0.7215319259984333       2.565298274974722        1.0994439727748868
67.99999999999999        610                      304.66713211382114       0.28946624519581515      0.7105337548042522       1.7585730719850483       0.6856213419813174
67.99999999999999        619.9999999999999        304.66713211382114       0.2956290391290291       0.7043709608709378       0.961192793297076        0.27408762080503013
67.99999999999999        629.9999999999999        304.66713211382114       0.29624043582161635      0.70375956417838         0.167562039030184        -0.1364709508614636
67.99999999999999        639.9999999999999        304.66713211382114       0.29124679132088954      0.7087532086793756       -0.628526106023683       -0.5476656896855737
67.99999999999999        650                      304.66713211382114       0.2812295393425094       0.7187704606575659       -1.4326749145322752      -0.9608676208469363
67.99999999999999        660                      304.66713211382114       0.26736003713451084      0.7326399628656539       -2.2504846533154623      -1.3773009416336304
67.99999999999999        670                      304.66713211382114       0.2515380743796916       0.7484619256201859       -3.0867534809923565      -1.7977964775756026
67.99999999999999        680                      304.66713211382114       0.23615317228534308      0.7638468277145587       2.3390462103246543       -2.222486025938841
67.99999999999999        690                      304.66713211382114       0.22385148464517446      0.7761485153557778       1.4609152469827695       -2.6509469899795457
67.99999999999999        700                      304.66713211382114       0.21698409146911352      0.7830159085309116       0.5671156860122726       -3.082027101476216
70                       600                      304.66713211382114       0.270819725207423        0.7291802747924856       2.7145876646939655       1.1788082571932295
70                       610                      304.66713211382114       0.28407676270852666      0.7159232372914904       1.9067588442736547       0.7652856963605735
70                       619.9999999999999        304.66713211382114       0.2928240993931341       0.7071759006067347       1.1110882282084635       0.3547224620004889
70                       629.9999999999999        304.66713211382114       0.2960218829541709       0.7039781170456858       0.32158393508163713      -0.0542841662287394
70                       639.9999999999999        304.66713211382114       0.2934010734708969       0.7065989265284133       -0.467396498056733       -0.4631346556589591
70                       650                      304.66713211382114       0.28515004326041943      0.714849956739535        -1.2623707246338711      -0.8735287426672007
70                       660                      304.66713211382114       0.2722649192835691       0.7277350807164273       -2.068682300622338       -1.2866810084119433
70                       670                      304.66713211382114       0.2563445980769394       0.7436554019232314       -2.8920248216683695      -1.703714470316715
70                       680                      304.66713211382114       0.23962512990067297      0.7603748700992305       2.54663032069172         -2.125146339109413
70                       690                      304.66713211382114       0.2247570380013384       0.775242961998418        1.6795378276457973       -2.5507949136905403
70                       700                      304.66713211382114       0.2144962513136446       0.7855037486864764       0.7925275487459427       -2.9798060305248537
72                       600                      304.66713211382114       0.2615586728110171       0.7384413271890659       2.872456434802171        1.2622954316011785
72                       610                      304.66713211382114       0.27703639077910264      0.7229636092211212       2.0618572143141445       0.8487785812732468
72                       619.9999999999999        304.66713211382114       0.2884704149688473       0.7115295850311587       1.2663315440916674       0.43880567628666883
72                       629.9999999999999        304.66713211382114       0.2945652495882144       0.7054347504118467       0.48000551283549503      0.031156524054889684
72                       639.9999999999999        304.66713211382114       0.2946686080498743       0.7053313919500475       -0.3030804556161834      -0.3756562582469017
72                       650                      304.66713211382114       0.28877179111215007      0.7112282088880028       -1.0892486428972428      -0.7832761837730607
72                       660                      304.66713211382114       0.27750777243803093      0.7224922275621538       -1.884332331027569       -1.1931394083309788
72                       670                      304.66713211382114       0.2621469559179222       0.7378530440821546       -2.694340056014344       -1.6065301052433265
72                       680                      304.66713211382114       0.24469411725488532      0.7553058827455432       2.758878789657384        -2.0242350727191756
72                       690                      304.66713211382114       0.22772941798979976      0.7722705820102151       1.9054641240369128       -2.4465618996860354
72                       700                      304.66713211382114       0.2141393305653019       0.7858606694347787       1.0287726515098634       -2.8729249085935247
73.99999999999999        600                      304.66713211382114       0.25061472637684423      0.7493852736231249       3.0405943847959427       1.350468348941637
73.99999999999999        610                      304.66713211382114       0.2680604146393355       0.7319395853606487       2.225131991340938        0.9365521501711421
73.99999999999999        619.9999999999999        304.66713211382114       0.282240937928973        0.7177590620709171       1.4279797239222896       0.5267807195283982
73.99999999999999        629.9999999999999        304.66713211382114       0.29144441451232483      0.7085555854875651       0.6433041287460965       0.12009579598880743
73.99999999999999        639.9999999999999        304.66713211382114       0.29469900323507886      0.7053009967649673       -0.13511751582998116     -0.28496921751598614
73.99999999999999        650                      304.66713211382114       0.291685446375059        0.7083145536247699       -0.9133302303868358      -0.6899986226558522
73.99999999999999        660                      304.66713211382114       0.28268463572498104      0.7173153642751068       -1.6976681640523956      -1.0966115976429658
73.99999999999999        670                      304.66713211382114       0.2686619273574676       0.7313380726425641       -2.494238350031263       -1.506213879924116
73.99999999999999        680                      304.66713211382114       0.25125933968411207      0.7487406603158836       2.9742589947875473       -1.919964597943641
73.99999999999999        690                      304.66713211382114       0.23280905647470607      0.7671909435253225       2.1368512502157753       -2.3383804025871613
73.99999999999999        700                      304.66713211382114       0.21626533193729627      0.783734668066924        1.274277058575287        -2.7614036914905236
76                       600                      304.66713211382114       0.23794005475157146      0.7620599452484992       -3.062036349997717       1.4438214722843519
76                       610                      304.66713211382114       0.2570442913481493       0.7429557086515842       2.3986481376575344       1.0291971233135597
76                       619.9999999999999        304.66713211382114       0.27386300189709284      0.7261369981027928       1.5977281904312781       0.6192293777589509
76                       629.9999999999999        304.66713211382114       0.2863030926103889       0.7136969073895901       0.8127888506715476       0.2130723308314753
76                       639.9999999999999        304.66713211382114       0.2930416263359724       0.7069583736641988       0.037559026670782106     -0.19063365318739248
76                       650                      304.66713211382114       0.2933660977574312       0.706633902242672        -0.7343152618185047      -0.5934638232927005
76                       660                      304.66713211382114       0.287282646139036        0.712717353861016        -1.5089291367026145      -0.9970221819114603
76                       670                      304.66713211382114       0.27541090894513415      0.7245890910550149       -2.2925243489862304      -1.4028477898690521
76                       680                      304.66713211382114       0.2589580474872388       0.741041952512924        -3.091523512021921       -1.8123819834402408
76                       690                      304.66713211382114       0.2399548711874841       0.7600451288125737       2.3716685159503412       -2.2264894954441403
76                       700                      304.66713211382114       0.22109132250588812      0.7789086774940589       1.5264410048276351       -2.645506120925323
78                       600                      304.66713211382114       0.2236827925248899       0.7763172074751271       -2.8664873698418174      1.5429824432199173
78                       610                      304.66713211382114       0.2438251686139364       0.7561748313865823       2.584514154844956        1.1273378379979972
78                       619.9999999999999        304.66713211382114       0.2629911704293472       0.7370088295706413       1.777183932609858        0.7166923283813019
78                       629.9999999999999        304.66713211382114       0.27867327928932195      0.7213267207106502       0.9895952793151362       0.3105202736713737
78                       639.9999999999999        304.66713211382114       0.28910220373010054      0.7108977962697517       0.21545855236338626      -0.09233487760586541
78                       650                      304.66713211382114       0.2932579835920211       0.7067420164080779       -0.5517137325033344      -0.49337832567890566
78                       660                      304.66713211382114       0.2907497960055203       0.7092502039945616       -1.3180090519334073      -0.8942064950531124
78                       670                      304.66713211382114       0.2818171825951606       0.7181828174048427       -2.089679388640654       -1.296406662536014
78                       680                      304.66713211382114       0.2673043709489019       0.7326956290510822       -2.8733070496523836      -1.7016339368348987
78                       690                      304.66713211382114       0.24877642219737944      0.751223577802647        2.6079637509590263       -2.1111115553593445
78                       700                      304.66713211382114       0.22860653109470655      0.7713934689051415       1.7823379234579921       -2.5255170480630382
79.99999999999999        600                      304.66713211382114       0.20827444827670696      0.7917255517231919       -2.6525359647862086      1.6486013651870244
79.99999999999999        610                      304.66713211382114       0.2284950081801953       0.7715049918198523       2.7857314308416883       1.2317016875787703
79.99999999999999        619.9999999999999        304.66713211382114       0.24942237180211047      0.7505776281979178       1.9689804092944012       0.819937413685709
79.99999999999999        629.9999999999999        304.66713211382114       0.2681512091975924       0.7318487908023523       1.1758843982273874       0.4132060525361238
79.99999999999999        639.9999999999999        304.66713211382114       0.28240841017365315      0.7175915898265517       0.40026594825343026      0.01060517552931444
79.99999999999999        650                      304.66713211382114       0.29071752647059296      0.7092824735295193       -0.3642624115237943      -0.38920595979912
79.99999999999999        660                      304.66713211382114       0.29234585466724367      0.7076541453327703       -1.1240779880220078      -0.7877352142031441
79.99999999999999        670                      304.66713211382114       0.2871541762282498       0.7128458237717751       -1.8855753985515167      -1.1867265651971968
79.99999999999999        680                      304.66713211382114       0.2755725207693454       0.7244274792306263       -2.65502323149169        -1.5877802271753159
79.99999999999999        690                      304.66713211382114       0.25873660007837673      0.7412633999215046       2.84417785056187         -1.9924333837644994
79.99999999999999        700                      304.66713211382114       0.23850704788010305      0.7614929521192781       2.039330185191782        -2.4017220654798495
82                       600                      304.66713211382114       0.1922922830347438       0.8077077169651564       -2.4162217489088658      1.7614271315219656
82                       610                      304.66713211382114       0.2113793331381941       0.788620666861854        3.0063765959492272       1.3431125140021904
82                       619.9999999999999        304.66713211382114       0.2331630011590987       0.7668369988410428       2.1765234446053663       0.9298563633046586
82                       629.9999999999999        304.66713211382114       0.2543966609400551       0.7456033390599904       1.3744190935406646       0.5219914340528939
82                       639.9999999999999        304.66713211382114       0.2723699796190303       0.7276300203807493       0.5942933846111155       0.11898850702865837
82                       650                      304.66713211382114       0.2850526435958697       0.7149473564041353       -0.17032360431712884     -0.28022337799373304
82                       660                      304.66713211382114       0.2912996126516985       0.7087003873483448       -0.926164966239296       -0.6771482034292551
82                       670                      304.66713211382114       0.2905421320866912       0.7094578679132173       -1.679362586282148       -1.0733278389034266
82                       680                      304.66713211382114       0.28286935130220714      0.7171306486977568       -2.43640808102659        -1.4705682662125092
82                       690                      304.66713211382114       0.26893836301116136      0.7310616369888608       3.0793715117495655       -1.8705036632210825
82                       700                      304.66713211382114       0.25008325695007266      0.7499167430500914       2.29518088582798         -2.274468702703727
84                       600                      304.66713211382114       0.17681230782451093      0.8231876921754859       -2.1537324538326414      1.8818688763422309
84                       610                      304.66713211382114       0.1931179342201893       0.806882065779886        -3.032218689235156       1.4623363804018117
84                       619.9999999999999        304.66713211382114       0.21445288915682958      0.7855471108432425       2.404164962853433        1.0473889030738481
84                       629.9999999999999        304.66713211382114       0.23731731314791799      0.7626826868521366       1.588905767715187        0.6378497464626606
84                       639.9999999999999        304.66713211382114       0.2585477359272374       0.7414522640727529       0.8003499402678335       0.2337235284083273
84                       650                      304.66713211382114       0.27556648287834956      0.7244335171215717       0.03212643968078131      -0.16574036053890298
84                       660                      304.66713211382114       0.2867381156385481       0.7132618843615134       -0.7225258696155736      -0.5617296748924878
84                       670                      304.66713211382114       0.2910271718645363       0.7089728281355393       -1.4703032631578479      -0.9559065367279854
84                       680                      304.66713211382114       0.2881418147410728       0.7118581852589255       -2.217302505634747       -1.3498676035823474
84                       690                      304.66713211382114       0.2782813807735641       0.7217186192263749       -2.970163082417912       -1.7454246050266495
84                       700                      304.66713211382114       0.2622738914458826       0.737726108554136        2.5480278209530147       -2.1440926340966127
85.99999999999999        600                      304.66713211382114       0.1632527959794515       0.8367472040205531       -1.861052919170112       2.010465756611682
85.99999999999999        610                      304.66713211382114       0.1748952030177793       0.8251047969822175       -2.758044807721405       1.5901427916159028
85.99999999999999        619.9999999999999        304.66713211382114       0.1939501994198407       0.8060498005799536       2.657688501699759        1.1735253612534668
85.99999999999999        629.9999999999999        304.66713211382114       0.21704584091338852      0.782954159086645        1.8244015372342444       0.7619688117628755
85.99999999999999        639.9999999999999        304.66713211382114       0.2406823823981967       0.7593176176017816       1.022796970642669        0.35609507898296733
85.99999999999999        650                      304.66713211382114       0.26168046232371905      0.7383195376763376       0.24666414616139326      -0.04445895572621117
85.99999999999999        660                      304.66713211382114       0.2778258780551661       0.7221741219448885       -0.5107234125370979      -0.4405498900876637
85.99999999999999        670                      304.66713211382114       0.2875768488513581       0.7124231511485483       -1.2562723439495957      -0.8335601596198324
85.99999999999999        680                      304.66713211382114       0.29021582198064316      0.709784178019352        -1.9961667482273173      -1.2249924132748096
85.99999999999999        690                      304.66713211382114       0.2854742493333741       0.7145257506665375       -2.737151586002259       -1.6167394645073583
85.99999999999999        700                      304.66713211382114       0.27374510499919         0.7262548950008522       2.79782801074583         -2.0104488596124153
88                       600                      304.66713211382114       0.15342793827227078      0.8465720617278746       -1.5370961958384097      2.147391579194836
88                       610                      304.66713211382114       0.15842760546801357      0.8415723945321247       -2.448713722792086       1.727142502319491
88                       619.9999999999999        304.66713211382114       0.1729332393517724       0.8270667606481997       2.944210935845839        1.3092204668450749
88                       629.9999999999999        304.66713211382114       0.19427662073285026      0.8057233792672179       2.0877559438720916       0.8955759543380334
88                       639.9999999999999        304.66713211382114       0.21879665686693123      0.7812033431329178       1.2671620797505878       0.48735534341244374
88                       650                      304.66713211382114       0.24292078761749256      0.7570792123824351       0.4778482745591812       0.08489835550931209
88                       660                      304.66713211382114       0.2637492977129916       0.7362507022870193       -0.28687099846458414     -0.3122179596251272
88                       670                      304.66713211382114       0.27913421074880757      0.7208657892512066       -1.0342047223687503      -0.7050543263055664
88                       680                      304.66713211382114       0.2877851638348298       0.712214836165234        -1.7710308550467884      -1.0950834920803545
88                       690                      304.66713211382114       0.28907786902854593      0.7109221309715436       -2.503441992545007       -1.4839119920393333
88                       700                      304.66713211382114       0.2828711350334565       0.7171288649664662       3.045144966607519        -1.873324282059249
90                       600                      304.66713211382114       0.1492154376939349       0.8507845623059931       -1.185199064966564       2.292376936287804
90                       610                      304.66713211382114       0.14596739183445903      0.8540326081655575       -2.1010927213774164      1.8735924315520176
90                       619.9999999999999        304.66713211382114       0.1535337264913222       0.8464662735087358       -3.011849456711616       1.4552796254753722
90                       629.9999999999999        304.66713211382114       0.17045422949074188      0.829545770509601        2.3878611407380452       1.0398694966343263
90                       639.9999999999999        304.66713211382114       0.19364118006713027      0.8063588199329892       1.5417075305417385       0.6291165943720541
90                       650                      304.66713211382114       0.21928838267786982      0.7807116173222733       0.7325006918117832       0.2240805549879084
90                       660                      304.66713211382114       0.24392753433714276      0.7560724656630513       -0.0456850089504987      -0.17510297022001728
90                       670                      304.66713211382114       0.264677105947758        0.7353228940520576       -0.800172045429668       -0.5690187771280506
90                       680                      304.66713211382114       0.27958873670396345      0.7204112632960801       -1.5383185366035965      -0.9588255456232189
90                       690                      304.66713211382114       0.2875250040108476       0.7124749959891093       -2.2665471062098703      -1.34588900832869
90                       700                      304.66713211382114       0.2878718140585053       0.7121281859414827       -2.9915576271844895      -1.7320654267889068
91.99999999999999        600                      304.66713211382114       0.1522615976473664       0.8477384023526885       -0.8154791491221585      2.444733526055219
91.99999999999999        610                      304.66713211382114       0.13998816076166484      0.8600118392383357       -1.7183691320429255      2.029193186103505
91.99999999999999        619.9999999999999        304.66713211382114       0.138494573802846        0.8615054261970223       -2.6383335926373244      1.6119979965885236
91.99999999999999        629.9999999999999        304.66713211382114       0.1480779770434942       0.8519220229563479       2.7349411765570735       1.195784304408996
91.99999999999999        639.9999999999999        304.66713211382114       0.16687537600912045      0.8331246239906687       1.8573172165722587       0.7828190681476765
91.99999999999999        650                      304.66713211382114       0.19153903525185606      0.8084609647482195       1.0199606248108153       0.3747993161557359
91.99999999999999        660                      304.66713211382114       0.21825759015763135      0.7817424098424348       0.2205557048936584       -0.02725308499818651
91.99999999999999        670                      304.66713211382114       0.24346351870468258      0.7565364812953591       -0.5478171732824091      -0.42339584804003855
91.99999999999999        680                      304.66713211382114       0.2643756161674639       0.7356243838324695       -1.293170068155364       -0.8143457144719717
91.99999999999999        690                      304.66713211382114       0.27920371073502886      0.7207962892649303       -2.022624876073014       -1.2012078171405516
91.99999999999999        700                      304.66713211382114       0.2868656566218519       0.7131343433780385       -2.742785388426611       -1.5854511491762997
94                       600                      304.66713211382114       0.1633175293504452       0.8366824706493693       -0.44253549371739886     2.6034101932934997
94                       610                      304.66713211382114       0.14268149857626608      0.8573185014236746       -1.3133368278360997      2.1930829896989987
94                       619.9999999999999        304.66713211382114       0.13102203373244514      0.868977966267537        -2.221399679166478       1.779104598185199
94                       629.9999999999999        304.66713211382114       0.13064884559724868      0.8693511544027948       3.1376491862676428       1.3637540711548632
94                       639.9999999999999        304.66713211382114       0.14156368134680877      0.8584363186531798       2.227716809877361        0.9496269847538564
94                       650                      304.66713211382114       0.1617230849872476       0.8382769150126622       1.353933328665675        0.5389756093935709
94                       660                      304.66713211382114       0.1876205643019236       0.8123794356980025       0.5233366839922037       0.13350109841116026
94                       670                      304.66713211382114       0.21528570701663155      0.7847142929834054       -0.26808911667181784     -0.26592902636407834
94                       680                      304.66713211382114       0.24124222750188812      0.7587577724979176       -1.0283373730214067      -0.6593435024183081
94                       690                      304.66713211382114       0.2627249643186881       0.7372750356813536       -1.765353402911912       -1.047486468500578
94                       700                      304.66713211382114       0.2779711894395149       0.7220288105599332       -2.4867436289824347      -1.43153043779035
96                       600                      304.66713211382114       0.18194589886133225      0.8180541011386558       -0.08087504159556365     2.7668576993776406
96                       610                      304.66713211382114       0.155071205270356        0.8449287947296253       -0.9064842333808357      2.363757178223078
96                       619.9999999999999        304.66713211382114       0.1339491015094039       0.8660508984906837       -1.7780252010012705      1.9553463502225215
96                       629.9999999999999        304.66713211382114       0.12223043031358759      0.8777695696863315       -2.6897453290414925      1.5433113256633055
96                       639.9999999999999        304.66713211382114       0.12210064461201195      0.8778993553879733       2.6648267136754615       1.1299587166083132
96                       650                      304.66713211382114       0.13356368761086151      0.8664363123890807       1.75237050084122         0.717890090023658
96                       660                      304.66713211382114       0.1544937375424858       0.8455062624573716       0.8797223439225061       0.309350917898181
96                       670                      304.66713211382114       0.18131599046965807      0.8186840095303334       0.053064054195314146     -0.09391017864066864
96                       680                      304.66713211382114       0.2099744144001626       0.7900255855996583       -0.7327658963689951      -0.49104239444193043
96                       690                      304.66713211382114       0.2369045621265959       0.7630954378733945       -1.4863779675492392      -0.8820761278414799
96                       700                      304.66713211382114       0.259386456510921        0.7406135434892311       -2.2165283918634557      -1.267740915082475
97.99999999999999        600                      304.66713211382114       0.2060902901905009       0.7939097098095939       0.260695099924235        2.9337183958526207
97.99999999999999        610                      304.66713211382114       0.17647641329940092      0.8235235867004909       -0.516843702603776       2.5393423028388358
97.99999999999999        619.9999999999999        304.66713211382114       0.14850941174419727      0.8514905882557954       -1.3361739436225692      2.1388224743394098
97.99999999999999        629.9999999999999        304.66713211382114       0.12632629061637105      0.8736737093833999       -2.2046480762214475      1.7328431195184446
97.99999999999999        639.9999999999999        304.66713211382114       0.11361704375172117      0.8863829562482678       -3.1177306428488416      1.32312266249215
97.99999999999999        650                      304.66713211382114       0.1126870734170454       0.8873129265829107       2.231380950267758        0.9119252505652612
97.99999999999999        660                      304.66713211382114       0.1237720485509926       0.8762279514490132       1.3130652601177701       0.5017799950660857
97.99999999999999        670                      304.66713211382114       0.14477082169485522      0.8552291783051443       0.437396920863279        0.09515276124067773
97.99999999999999        680                      304.66713211382114       0.17211450483674673      0.8278854951631719       -0.38906197378614416     -0.30626391863227076
97.99999999999999        690                      304.66713211382114       0.20172914331912722      0.7982708566807544       -1.1721841101114812      -0.7015876550760735
97.99999999999999        700                      304.66713211382114       0.2299624665052389       0.7700375334947054       -1.9213633639240575      -1.0906472388425155
100                      600                      304.66713211382114       0.23237307017880368      0.7676269298212371       0.578971721017072        3.102803265714578
100                      610                      304.66713211382114       0.20407750057329196      0.7959224994268874       -0.15502406063297525     2.718001186378045
100                      619.9999999999999        304.66713211382114       0.17352145341160333      0.8264785465885044       -0.9206410011027302      2.327066737683971
100                      629.9999999999999        304.66713211382114       0.14423958329632666      0.8557604167036569       -1.728945077873321       1.9297501033584872
100                      639.9999999999999        304.66713211382114       0.12026162046979667      0.8797383795302249       -2.5883946793386157      1.526922721161134
100                      650                      304.66713211382114       0.10549077877942636      0.8945092212205025       2.7840291383214715       1.1199186957420373
100                      660                      304.66713211382114       0.10257383478522211      0.8974261652140337       1.844299870952797        0.7110688536747196
100                      670                      304.66713211382114       0.11205030026501224      0.8879496997349727       0.9157118782396474       0.302906728530368
100                      680                      304.66713211382114       0.13219560974725628      0.8678043902527007       0.031188198366775683     -0.1021115594177643
100                      690                      304.66713211382114       0.15956490426050782      0.8404350957395897       -0.7999136826099108      -0.5021183383333244
100                      700                      304.66713211382114       0.19003334324645843      0.809966656753663        -1.5839719131264298      -0.8960212193108674
101.99999999999999       600                      304.66713211382114       0.25658967472156174      0.7434103252784092       0.8763229879378323       -3.009267622295233
101.99999999999999       610                      304.66713211382114       0.23346181555662757      0.7665381844432825       0.17775212536624055      2.898522405550961
101.99999999999999       619.9999999999999        304.66713211382114       0.20508583388674637      0.7949141661134848       -0.5419841835105654      2.5178277394254587
101.99999999999999       629.9999999999999        304.66713211382114       0.1738463143252483       0.8261536856746472       -1.2919070050227557      2.1309810209068156
101.99999999999999       639.9999999999999        304.66713211382114       0.14297114018593138      0.8570288598139704       -2.0825123309327815      1.7378415464835937
101.99999999999999       650                      304.66713211382114       0.11656136192363817      0.8834386380763687       -2.9257092830925995      1.3388284941245245
101.99999999999999       660                      304.66713211382114       0.09862208006809696      0.9013779199319175       2.4561283947732804       0.9351874458907835
101.99999999999999       670                      304.66713211382114       0.09225430623383873      0.907745693766265        1.5127521928216259       0.5290668176646
101.99999999999999       680                      304.66713211382114       0.09867967292062106      0.9013203270794266       0.5694586399355936       0.1229661501685938
101.99999999999999       690                      304.66713211382114       0.11666558461663501      0.8833344153833548       -0.33131545406370644     -0.2806068059332093
101.99999999999999       700                      304.66713211382114       0.14315526580806923      0.8568447341942026       -1.1745009854474808      -0.6796486499992369
103.99999999999999       600                      304.66713211382114       0.27427445098539527      0.7257255490145517       1.1568038436741808       -2.8354678038113312
103.99999999999999       610                      304.66713211382114       0.25936471348996226      0.7406352865100757       0.48498243664427276      3.0805735735880195
103.99999999999999       619.9999999999999        304.66713211382114       0.23739262450029047      0.7626073754995185       -0.1989646906603744      2.7097305061259562
103.99999999999999       629.9999999999999        304.66713211382114       0.20961571928238182      0.7903842807177279       -0.9015673754908594      2.333929708042586
103.99999999999999       639.9999999999999        304.66713211382114       0.17809121724355845      0.8219087827564286       -1.6309731033602473      1.9522103854283928
103.99999999999999       650                      304.66713211382114       0.1457582433017395       0.8542417566983336       -2.397735207307795       1.5641529268584793
103.99999999999999       660                      304.66713211382114       0.11644404642538403      0.8835559535746312       3.067770801741695        1.1699269930035103
103.99999999999999       670                      304.66713211382114       0.0943268485751524       0.905673151425974        2.1874425708640435       0.7705313371776988
103.99999999999999       680                      304.66713211382114       0.08301723861761785      0.9169827613823248       1.248603330549766        0.36775860878282823
103.99999999999999       690                      304.66713211382114       0.08452446641255856      0.9154755335873708       0.288707497835611        -0.0359521522365061
103.99999999999999       700                      304.66713211382114       0.0985975231456015       0.9014024768543913       -0.6386028000780676      -0.4381584284099872
106                      600                      304.66713211382114       0.28097837076627374      0.7190216292336163       1.427400026124616        -2.6566635498695343
106                      610                      304.66713211382114       0.27636037337379177      0.723639626626143        0.7738204855753553       -3.0176196640098936
106                      619.9999999999999        304.66713211382114       0.26392308550404275      0.7360769144960521       0.11533440588526422      2.9029211481549915
106                      629.9999999999999        304.66713211382114       0.24412293503453075      0.7558770649657767       -0.5524640408551569      2.5372582830604924
106                      639.9999999999999        304.66713211382114       0.217902200464843        0.7820977995351953       -1.2357185083804407      2.1670453816702366
106                      650                      304.66713211382114       0.18691623821538927      0.813083761784688        -1.9410412446952412      1.7914263488892972
106                      660                      304.66713211382114       0.15368885287673834      0.8463111471232406       -2.6786861861337075      1.40946533577804
106                      670                      304.66713211382114       0.1215351815926975       0.8784648184072725       2.8215792038166536       1.0211570741791078
106                      680                      304.66713211382114       0.09465210868957698      0.9053478913105596       1.9776020412807696       0.6271883118692001
106                      690                      304.66713211382114       0.077005945728613        0.9229940542714761       1.0618095599281276       0.22883589145767091
106                      700                      304.66713211382114       0.07156441765154341      0.9284355823485573       0.0929368264012646       -0.17183862910469905
107.99999999999999       600                      304.66713211382114       0.2723918334576828       0.7276081665423326       1.6958425286346033       -2.469167733287523
107.99999999999999       610                      304.66713211382114       0.27929583734424973      0.7207041626557477       1.0521226942468733       -2.826722173069308
107.99999999999999       619.9999999999999        304.66713211382114       0.2783781858739255       0.7216218141260268       0.410475514519291        3.0996906474715376
107.99999999999999       629.9999999999999        304.66713211382114       0.2695521766124911       0.7304478233875096       -0.23402563604564486     2.7418577526433747
107.99999999999999       639.9999999999999        304.66713211382114       0.25313035239267456      0.7468696476072313       -0.885208430659395       2.381658617539001
107.99999999999999       650                      304.66713211382114       0.22980190356694113      0.7701980964331662       -1.5475089049230524      2.017814804763185
107.99999999999999       660                      304.66713211382114       0.20064502228712142      0.7993549777129082       -2.227410573912224       1.6490019951317871
107.99999999999999       670                      304.66713211382114       0.16762150558768946      0.8323784944123324       -2.9324407161005084      1.274336035534571
107.99999999999999       680                      304.66713211382114       0.1335323725884337       0.8664676274116327       2.609427604568954        0.8933815984242306
107.99999999999999       690                      304.66713211382114       0.10209266288888588      0.897907337110993        1.815635458675276        0.5061538445149156
107.99999999999999       700                      304.66713211382114       0.07734098195545756      0.9226590180446604       0.9496442595891348       0.1136775074102126
109.99999999999999       600                      304.66713211382114       0.24446226761762732      0.7555377323823749       1.9732175286046312       -2.267150640707151
109.99999999999999       610                      304.66713211382114       0.26334670952430816      0.7366532904756481       1.3312633137071308       -2.624355454494794
109.99999999999999       619.9999999999999        304.66713211382114       0.27489437587568916      0.7251056241242873       0.6967724114239798       -2.978831198430873
109.99999999999999       629.9999999999999        304.66713211382114       0.27876270143903614      0.721237298561004        0.06585119449025018      2.9512529322489
109.99999999999999       639.9999999999999        304.66713211382114       0.27483087218704083      0.7251691278131013       -0.5649590037449284      2.5981953920556684
109.99999999999999       650                      304.66713211382114       0.26321194864034636      0.7367880513596856       -1.1993070460529305      2.243764645929385
109.99999999999999       660                      304.66713211382114       0.24427027184207759      0.7557297281577608       -1.8415436272403714      1.8864512909273
109.99999999999999       670                      304.66713211382114       0.21870306396752598      0.7812969360324512       -2.495658957742922       1.5252119979659462
109.99999999999999       680                      304.66713211382114       0.18779799711705977      0.8122020028830149       3.1152438254643138       1.1587694663249166
109.99999999999999       690                      304.66713211382114       0.15359072882044716      0.846409271179645        2.4166907022255866       0.7863658442243086
109.99999999999999       700                      304.66713211382114       0.11901531969845432      0.8809846803014911       1.6796566496516698       0.40771042968471366
112                      600                      304.66713211382114       0.19462277562936448      0.8053772243705757       2.2756995052123816       -2.042550775066072
112                      610                      304.66713211382114       0.22426462340496786      0.775735376594894        1.6243157509552473       -2.4031203175331983
112                      619.9999999999999        304.66713211382114       0.24818912268096543      0.7518108773190447       0.9876053583308524       -2.7589428407037504
112                      629.9999999999999        304.66713211382114       0.26533682064771447      0.7346631793521701       0.3606864269323501       -3.111148940788916
112                      639.9999999999999        304.66713211382114       0.2752095086909449       0.7247904913090518       -0.26043084743262473     2.8221415158535206
112                      650                      304.66713211382114       0.2774733903826814       0.7225266096174344       -0.8787857965065582      2.4733814295613774
112                      660                      304.66713211382114       0.2721135840560786       0.7278864159439276       -1.4981193386321505      2.1242316292885057
112                      670                      304.66713211382114       0.259300938400589        0.7406990615995502       -2.121196726201335       1.773544488846397
112                      680                      304.66713211382114       0.2393160506022371       0.7606839493978131       -2.7514375899745773      1.4200621007612844
112                      690                      304.66713211382114       0.2129279459237526       0.787072054076237        2.8896381387375767       1.0623868113269928
112                      700                      304.66713211382114       0.18135149100667         0.8186485089933301       2.2307440942375485       0.6996984055082546
113.99999999999999       600                      304.66713211382114       0.1253084492598238       0.8746915507401407       2.631560617976888        -1.7859622633299266
113.99999999999999       610                      304.66713211382114       0.1609870063607032       0.8390129936393849       1.9526076928946674       -2.1528154675595403
113.99999999999999       619.9999999999999        304.66713211382114       0.19455083657106734      0.8054491634289583       1.3001604731914664       -2.513857197900111
113.99999999999999       629.9999999999999        304.66713211382114       0.223851460092389        0.7761485399074909       0.6659831441998865       -2.8694700504729123
113.99999999999999       639.9999999999999        304.66713211382114       0.24735074395771317      0.7526492560423652       0.04416875978267588      3.0625096905486093
113.99999999999999       650                      304.66713211382114       0.2641698143698415       0.7358301856301513       -0.5692940856711614      2.714675774822053
113.99999999999999       660                      304.66713211382114       0.27395226013615814      0.7260477398638696       -1.177251490373563       2.369246585978488
113.99999999999999       670                      304.66713211382114       0.27631669367695094      0.723683306322789        -1.7833107937209682      2.024679328308337
113.99999999999999       680                      304.66713211382114       0.27130746195437994      0.7286925380456193       -2.3897584158187515      1.6799316923751515
113.99999999999999       690                      304.66713211382114       0.25900689382251757      0.7409931061774447       -2.999165297659274       1.3338409739075539
113.99999999999999       700                      304.66713211382114       0.23969872024476366      0.7603012797546491       2.667887114064018        0.9848812352451157
115.99999999999999       600                      304.66713211382114       0.05223654166500384      0.9477634583350575       3.1203219903899413       -1.4889100256581824
115.99999999999999       610                      304.66713211382114       0.08248355234055782      0.9175164476594846       2.3599902722814026       -1.8626358956185878
115.99999999999999       619.9999999999999        304.66713211382114       0.11724260734940248      0.8827573926505548       1.6636786082507429       -2.2311261904302815
115.99999999999999       629.9999999999999        304.66713211382114       0.15305068390547955      0.8469493160945721       1.0044638343325831       -2.59369695611802
115.99999999999999       639.9999999999999        304.66713211382114       0.18697212859646936      0.8130278714035271       0.36861334915435384      -2.950699238151038
115.99999999999999       650                      304.66713211382114       0.21687850408034637      0.7831214959195621       -0.25112017506037737     2.980709896925522
115.99999999999999       660                      304.66713211382114       0.24134877195546464      0.7586512280462901       -0.8594831212212172      2.6333905542678093
115.99999999999999       670                      304.66713211382114       0.2594855181604832       0.7405144818399909       -1.4601549533061988      2.289484226475383
115.99999999999999       680                      304.66713211382114       0.27086875708115044      0.7291312429191714       -2.055671472859035       1.948070539312816
115.99999999999999       690                      304.66713211382114       0.27517089724714566      0.7248291027529561       -2.648799113109877       1.607877426383773
115.99999999999999       700                      304.66713211382114       0.27242244058155857      0.727577559418482        3.041718649906029        1.267871896499415
118                      600                      304.66713211382114       0.010027106436837784     0.9899728935630804       -1.9985565354017432      -1.1505643937833752
118                      610                      304.66713211382114       0.018393464636377425     0.981606535363628        3.0619860012850317       -1.5264566940221693
118                      619.9999999999999        304.66713211382114       0.037972174582796045     0.9620278254174004       2.1651077338132563       -1.9001733125488214
118                      629.9999999999999        304.66713211382114       0.0662128017468974       0.9337871982541419       1.4199128939929715       -2.270112201281541
118                      639.9999999999999        304.66713211382114       0.09977445918025837      0.9002255408197092       0.7416704744292716       -2.6351489243259585
118                      650                      304.66713211382114       0.13533694310791655      0.8646630568923777       0.09843511199065468      -2.994855087695977
118                      660                      304.66713211382114       0.16997649347511823      0.830023506524791        -0.5229069441482657      2.9342002987298255
118                      670                      304.66713211382114       0.20144648394366052      0.7985535160564404       -1.1295494144626754      2.585212490875815
118                      680                      304.66713211382114       0.2282291179770481       0.7717708820229805       -1.7256962076403806      2.240790188864843
118                      690                      304.66713211382114       0.24931029450739128      0.7506897054926255       -2.3142749340046054      1.90012397442678
118                      700                      304.66713211382114       0.26409321049580964      0.73590678950422         -2.897698442368708       1.5622145384146302
120                      600                      304.66713211382114       0.03369751853633231      0.9663024814635568       -0.23588923046519392     -0.7850173717867255
120                      610                      304.66713211382114       0.013645601086142493     0.9863543989137873       -1.0318563846502526      -1.1527318822905108
120                      619.9999999999999        304.66713211382114       0.003998408141399981     0.9960015918586097       -2.2694929059533733      -1.522703143171543
120                      629.9999999999999        304.66713211382114       0.005983864699830892     0.9940161353002733       2.2707977953877503       -1.8931095116328014
120                      639.9999999999999        304.66713211382114       0.01936411990361113      0.9806358800963046       1.2554764379489851       -2.26246392500763
120                      650                      304.66713211382114       0.04240426210566419      0.9575957378943075       0.5143794654679302       -2.6291240026474383
120                      660                      304.66713211382114       0.07243752792584258      0.927562472074233        -0.14680787686138608     -2.991718399330982
120                      670                      304.66713211382114       0.10638461196786704      0.893615388032201        -0.7733381299679938      2.93368031620702
120                      680                      304.66713211382114       0.14121075492381016      0.8587892450761159       -1.3804151064330723      2.580976593188586
120                      690                      304.66713211382114       0.17451482691076775      0.8254851730891483       -1.9740721788587394      2.23346454775026
120                      700                      304.66713211382114       0.2044790827942274       0.7955209172056069       -2.558330082707922       1.8906118385397828
