% Model:              nanoholes_rw_sweep.mph
% Version:            COMSOL 6.0.0.405
% Date:               Mar 29 2024, 09:31
% Table:              Table 1 - Global Evaluation 1
% r (nm)                 h_meta (nm)              freq (THz)               reflection (1)           transmission (1)         reflection_phi (rad)     transmission_phi (rad)
0.9999999999999999       50                       304.66713211382114       0.30644755092783         0.693552449072147        -1.5322376421759385      -0.9703641916665368
0.9999999999999999       100                      304.66713211382114       0.3064429144374834       0.693557085562036        0.3068381198219634       3.0907591104773906
0.9999999999999999       150                      304.66713211382114       0.3064837699656716       0.6935162300343222       2.146037787248132        0.8687306154566342
0.9999999999999999       200                      304.66713211382114       0.3064369088849221       0.6935630911151136       -2.2981470827602544      -1.3533168021848019
0.9999999999999999       250                      304.66713211382114       0.3064518273979335       0.6935481726018883       -0.45911442865103413     2.7078114479209954
0.9999999999999999       300                      304.66713211382114       0.3064565941571549       0.6935434058427875       1.3801231186974938       0.4857960665039632
0.9999999999999999       350                      304.66713211382114       0.30644035749392373      0.6935596425061473       -3.064016258326182       -1.736268003102923
0.9999999999999999       400                      304.66713211382114       0.3064510091526184       0.693548990847378        -1.2250062150638676      2.3248482007942353
0.9999999999999999       450                      304.66713211382114       0.3064518970054117       0.6935481029946201       0.6142426397414155       0.10284852785698193
0.9999999999999999       500                      304.66713211382114       0.3064480723127966       0.6935519276872959       2.453269589783498        -2.119198516883262
0.9999999999999999       550                      304.66713211382114       0.3064806445534273       0.6935193554466166       -1.9908926657573316      1.9418980360755076
0.9999999999999999       600                      304.66713211382114       0.30643064253883884      0.6935693574612789       -0.15170593802148516     -0.28012015736270757
0.9999999999999999       650                      304.66713211382114       0.30644494563851826      0.6935550543614332       1.6873835350343147       -2.5021697929786257
0.9999999999999999       700                      304.66713211382114       0.30646959794326967      0.6935304020579914       -2.7567470619886936      1.5589626813900321
0.9999999999999999       749.9999999999999        304.66713211382114       0.3064453740637852       0.6935546259361509       -0.9176083009417731      -0.6630626981255464
0.9999999999999999       800                      304.66713211382114       0.3064199961939354       0.6935800038068335       0.9214681681250012       -2.8851202196548056
0.9999999999999999       849.9999999999999        304.66713211382114       0.3064912888898158       0.693508711109984        2.760595106823566        1.1760302765635628
0.9999999999999999       900                      304.66713211382114       0.306451869456197        0.6935481305436948       -1.6835235976178748      -1.0460152556794704
0.9999999999999999       949.9999999999999        304.66713211382114       0.30644297139926047      0.6935570286009491       0.15551262863561632      3.015113056786878
0.9999999999999999       1000                     304.66713211382114       0.30646414753359197      0.6935358524662535       1.9947118827641876       0.7930785352161066
0.9999999999999999       1050                     304.66713211382114       0.30645272389274314      0.6935472761073415       -2.4494313490870714      -1.4289657357484955
0.9999999999999999       1100                     304.66713211382114       0.3064480016008854       0.6935519983990459       -0.6104065029213024      2.6321471580395417
0.9999999999999999       1149.9999999999998       304.66713211382114       0.3064519433245271       0.6935480566754293       1.2288309905751935       0.41013285660706045
0.9999999999999999       1200                     304.66713211382114       0.30644890104265166      0.6935510989571797       3.067862993207398        -1.8119249599662457
0.9999999999999999       1250                     304.66713211382114       0.3064617942825929       0.6935382057175353       -1.3763092967580075      2.2491966939648638
0.9999999999999999       1300                     304.66713211382114       0.30644031945944666      0.6935596805405037       0.46292170444682346      0.02716149978945692
0.9999999999999999       1349.9999999999998       304.66713211382114       0.30644532871450214      0.6935546712852582       2.3019603328697036       -2.1948642714310354
0.9999999999999999       1400                     304.66713211382114       0.3064737370138794       0.6935262629860489       -2.14217579909821        1.8662558972657088
0.9999999999999999       1450                     304.66713211382114       0.3064350930835363       0.6935649069167116       -0.30301673668771895     -0.3557874353256027
0.9999999999999999       1499.9999999999998       304.66713211382114       0.30643838159182046      0.6935616184084157       1.5360401419525733       -2.5778310549865004
0.9999999999999999       1550                     304.66713211382114       0.30646735313799245      0.6935326468622474       -2.9080649953104363      1.4833016890663941
0.9999999999999999       1600                     304.66713211382114       0.30644625993149227      0.693553740068432        -1.0689385426493765      -0.7387244251720625
0.9999999999999999       1650                     304.66713211382114       0.30643437184196415      0.6935656281579659       0.7701565725005542       -2.960777902487049
0.9999999999999999       1699.9999999999998       304.66713211382114       0.30647512757612044      0.6935248724238474       2.609247511156387        1.1003720737145022
0.9999999999999999       1750                     304.66713211382114       0.30645189643887805      0.6935481035611586       -1.834879237959492       -1.1217004698198383
0.9999999999999999       1800                     304.66713211382114       0.3064503603178373       0.6935496396821305       0.004193634287753128     2.9394485265308736
0.9999999999999999       1849.9999999999998       304.66713211382114       0.3064679759243233       0.6935320240753581       1.843391052482387        0.7174355099796331
0.9999999999999999       1899.9999999999998       304.66713211382114       0.30645809569431         0.6935419043059329       -2.6007113457252453      -1.504609811841161
0.9999999999999999       1949.9999999999998       304.66713211382114       0.30644606081560266      0.69355393918437         -0.7617544666996723      2.5564670702343655
0.9999999999999999       2000                     304.66713211382114       0.3064611791773442       0.6935388208225064       1.0775036359347143       0.3344884651125755
11                       50                       304.66713211382114       0.303861151026756        0.6961388489732767       -1.5187324463887586      -0.9647438472677898
11                       100                      304.66713211382114       0.3041495833262256       0.6958504166737739       0.3208609369467258       3.099025462614671
11                       150                      304.66713211382114       0.3062936880687338       0.6937063119312206       2.1756251953778          0.8831539674372225
11                       200                      304.66713211382114       0.3033774504021586       0.6966225495977165       -2.257558577196959       -1.3338158312198767
11                       250                      304.66713211382114       0.3047310438651954       0.6952689561348562       -0.41708771254614674     2.7301778240960948
11                       300                      304.66713211382114       0.3060433605733031       0.6939566394266662       1.4397666387235846       0.5148047097504324
11                       350                      304.66713211382114       0.30313322981639995      0.6968667701836918       -2.9965488585589073      -1.7028892898765242
11                       400                      304.66713211382114       0.3052992188466199       0.6947007811559184       -1.1541206290489652      2.361540750235925
11                       450                      304.66713211382114       0.3055833278860263       0.6944166721139872       0.7035581746480933       0.14638641298657518
11                       500                      304.66713211382114       0.303071459105196        0.696928540894802        2.547453445165063        -2.072002363367879
11                       550                      304.66713211382114       0.3058051674596386       0.6941948325402599       -1.8906320321793584      1.9930578895293103
11                       600                      304.66713211382114       0.3050532459565777       0.6949467540433297       -0.03317881897464693     -0.22216945774698
11                       650                      304.66713211382114       0.30321710793047635      0.6967828920708828       1.8083287026692063       -2.441109403088564
11                       700                      304.66713211382114       0.306177883677383        0.693822116322438        -2.6266158206908594      1.6246749792648545
11                       749.9999999999999        304.66713211382114       0.30448366769700774      0.6955163323025705       -0.7705607365158725      -0.5908654869867701
11                       800                      304.66713211382114       0.3035306645714654       0.6964693354285351       1.0694499502598724       -2.8101715427255205
11                       849.9999999999999        304.66713211382114       0.30636485897857973      0.6936351410215018       2.920874617790719        1.2563851163362423
11                       900                      304.66713211382114       0.30392071341972654      0.6960792865803027       -1.508534798665366       -0.9597157261599097
11                       949.9999999999999        304.66713211382114       0.30401489553220357      0.6959851044679073       0.33094929203176726      3.1040568874593246
11                       1000                     304.66713211382114       0.30635071621959614      0.6936492837804876       2.1852683959517534       0.8880886354209991
11                       1050                     304.66713211382114       0.3034753685183957       0.696524631481797        -2.2470677582447744      -1.3286780874925965
11                       1100                     304.66713211382114       0.30457725652914597      0.6954227434708053       -0.4069125739667643      2.735242655689701
11                       1149.9999999999998       304.66713211382114       0.30611485263063154      0.6938851473694083       1.4495638031204325       0.5197836873620909
11                       1200                     304.66713211382114       0.30316730052042035      0.6968326994797278       -2.9859915199389984      -1.6977380947397616
11                       1250                     304.66713211382114       0.3051681984324839       0.6948318015673531       -1.1441661348166308      2.366569810964616
11                       1300                     304.66713211382114       0.3057206091860303       0.694279390814069        0.7134290468778469       0.15137244848890757
11                       1349.9999999999998       304.66713211382114       0.30307587973385464      0.6969241202661953       2.5580319179487714       -2.066837001732661
11                       1400                     304.66713211382114       0.3056953794148484       0.6943046205851486       -1.8807663671002315      1.9980521093243206
11                       1450                     304.66713211382114       0.30519441785021         0.6948055821495364       -0.02316490353698158     -0.21713657083428511
11                       1499.9999999999998       304.66713211382114       0.3031608548994701       0.6968391451003967       1.818860924302632        -2.435969385855609
11                       1550                     304.66713211382114       0.3060976592966035       0.693902340703412        -2.616908423691061       1.6296303744234595
11                       1600                     304.66713211382114       0.30462366259981283      0.6953763374001778       -0.7603971464404868      -0.5857911081462992
11                       1650                     304.66713211382114       0.30343970570866274      0.6965602942890166       1.079865380703258        -2.8050322080185968
11                       1699.9999999999998       304.66713211382114       0.3063442402647326       0.6936557597354253       2.930525914166487        1.2613441900034101
11                       1750                     304.66713211382114       0.304056296288679        0.6959437037111378       -1.498243663983852       -0.9546051911928631
11                       1800                     304.66713211382114       0.3038796726821362       0.6961203273178629       0.34109208363677135      3.1090811187998133
11                       1849.9999999999998       304.66713211382114       0.3063646655265588       0.693635334473458        2.1949060605429263       0.8930400426860552
11                       1899.9999999999998       304.66713211382114       0.30357571470189215      0.6964242852982452       -2.2366739562279663      -1.3235639948077704
11                       1949.9999999999998       304.66713211382114       0.304441149192983        0.6955588508071673       -0.3968003231631463      2.7402885348016146
11                       2000                     304.66713211382114       0.3061782452149012       0.6938217547850649       1.4592361243949934       0.5247596388655381
21                       50                       304.66713211382114       0.29811750770470974      0.701882492295207        -1.4876219806888324      -0.9519413019382145
21                       100                      304.66713211382114       0.29882939292487004      0.7011706070751111       0.35310008499743184      3.1176947489826152
21                       150                      304.66713211382114       0.30552259439510904      0.6944774056048545       2.2414015468595703       0.9150385179850736
21                       200                      304.66713211382114       0.29633362919547673      0.7036663708012142       -2.1669962884243863      -1.2906052573602502
21                       250                      304.66713211382114       0.3002975446289849       0.6997024553710819       -0.32399797653079776     2.7796787677539134
21                       300                      304.66713211382114       0.3050503249788897       0.6949496750212025       1.5710429856596844       0.5788193300109035
21                       350                      304.66713211382114       0.295651134087469        0.7043488659125987       -2.8450683840264013      -1.6285814425431815
21                       400                      304.66713211382114       0.3018361713246637       0.6981638286751776       -0.9975250613267945      2.4427081530501047
21                       450                      304.66713211382114       0.30400627749269926      0.6959937225075447       0.9003100905665878       0.24246764640406893
21                       500                      304.66713211382114       0.29528322485211894      0.7047167751478273       2.759018293403074        -1.9668419590553365
21                       550                      304.66713211382114       0.30326061871418275      0.6967393812857257       -1.6701227180075318      2.10593286336108
21                       600                      304.66713211382114       0.30272509622559407      0.6972749037743847       0.22851387482857638      -0.09412057460667152
21                       650                      304.66713211382114       0.2953657096067871       0.7046342903933019       2.0799252236441106       -2.305102223650563
21                       700                      304.66713211382114       0.30444444108959856      0.6955555589103034       -2.3414276649002748      1.7694754670464818
21                       749.9999999999999        304.66713211382114       0.3012466698769326       0.6987533301229928       -0.44455610809671153     -0.43100101622758874
21                       800                      304.66713211382114       0.2958774456781383       0.7041225543219143       1.401070435108262        -2.6433399878285266
21                       849.9999999999999        304.66713211382114       0.30532067506897903      0.6946793249321319       -3.011834184315983       1.4332140848254047
21                       900                      304.66713211382114       0.29973140150548305      0.7002685984946753       -1.1188963174060862      -0.7681810651612452
21                       949.9999999999999        304.66713211382114       0.2967992149934671       0.7032007850064894       0.7228730839898744       -2.9813852980171043
21                       1000                     304.66713211382114       0.3057803896767225       0.6942196103234122       2.601466607840515        1.0970603680232351
21                       1050                     304.66713211382114       0.2982627235163407       0.7017372764837527       -1.7946752364374414      -1.105682726593158
21                       1100                     304.66713211382114       0.2980432697147843       0.7019567302853296       0.045680828287591256     2.9639686172310786
21                       1149.9999999999998       304.66713211382114       0.3058159861473936       0.6941840138525408       1.9318670993510345       0.7610014771506213
21                       1200                     304.66713211382114       0.29699111541185186      0.703008884588149        -2.471675125979453       -1.443470665518742
21                       1250                     304.66713211382114       0.2994913416517269       0.7005086583483304       -0.6301995643947758      2.6264339550060276
21                       1300                     304.66713211382114       0.3053855662945938       0.6946144337054702       1.2620045506646937       0.4248598368465677
21                       1349.9999999999998       304.66713211382114       0.2960150882600833       0.7039849117399505       3.1335058712840524       -1.7814929342053911
21                       1400                     304.66713211382114       0.3010457001655994       0.698954299834287        -1.3047958216226816      2.289186426332924
21                       1450                     304.66713211382114       0.3045688521272243       0.6954311478728994       0.5916622113083871       0.08862623125413206
21                       1499.9999999999998       304.66713211382114       0.2954182006103448       0.7045817993895093       2.454702774054697        -2.119708604578412
21                       1550                     304.66713211382114       0.30253555779364344      0.6974644422064046       -1.9780507381888257      1.9522787412682807
21                       1600                     304.66713211382114       0.30343636623654546      0.6965636337636032       -0.07952389185547967     -0.2478020445085675
21                       1650                     304.66713211382114       0.2952482920636425       0.7047517079364075       1.77559819516115         -2.457952381456905
21                       1699.9999999999998       304.66713211382114       0.303871292353405        0.6961287076465292       -2.649980923604574       1.6156615223354571
21                       1750                     304.66713211382114       0.3020320741779807       0.6979679258220262       -0.7519041732663694      -0.5845487353349007
21                       1800                     304.66713211382114       0.2955547067037011       0.7044452932965387       1.096564195841715        -2.796185414308624
21                       1849.9999999999998       304.66713211382114       0.3049262761422798       0.6950737238578265       2.9623482174673237       1.2792833637045085
21                       1899.9999999999998       304.66713211382114       0.30053670633480023      0.6994632936652302       -1.425608770169336       -0.9215733999598653
21                       1949.9999999999998       304.66713211382114       0.2962716248749643       0.7037283751249738       0.4178957233554295       -3.1343739150996783
21                       2000                     304.66713211382114       0.3055852879016535       0.6944147120983115       2.2923534968456845       0.9431556819664207
30.999999999999996       50                       304.66713211382114       0.2902980082465877       0.7097019917535875       -1.4430088385645483      -0.9337741996135837
30.999999999999996       100                      304.66713211382114       0.2915394453773054       0.7084605546226871       0.39953132708598443      -3.139311924617612
30.999999999999996       150                      304.66713211382114       0.30406761614052513      0.6959323838594867       2.3325844001958287       0.9587856243237806
30.999999999999996       200                      304.66713211382114       0.2865404394113224       0.7134595605887373       -2.0413018699514844      -1.2313952022429508
30.999999999999996       250                      304.66713211382114       0.2933996659983902       0.7066003340014101       -0.19591456031010732     2.8474834833188063
30.999999999999996       300                      304.66713211382114       0.30374868425828555      0.6962513157414993       1.7492750868719886       0.6658304543727921
30.999999999999996       350                      304.66713211382114       0.2856041413462988       0.7143958586535125       -2.6338879747503476      -1.5263002417013871
30.999999999999996       400                      304.66713211382114       0.2955501599990287       0.7044498400010044       -0.7832461418769905      2.5536366663826215
30.999999999999996       450                      304.66713211382114       0.30255344447388344      0.6974465555261121       1.1666046292236139       0.3729654694673569
30.999999999999996       500                      304.66713211382114       0.28472126256965474      0.7152787374305254       3.054734488896106        -1.821862650660448
30.999999999999996       550                      304.66713211382114       0.29760409214620487      0.702395907853866        -1.3702486198039285      2.259756084725996
30.999999999999996       600                      304.66713211382114       0.30110631880893735      0.6988936811910543       0.5830118487255004       0.07990848760981621
30.999999999999996       650                      304.66713211382114       0.2842901455098087       0.7157098544902972       2.459994903332755        -2.1174288621487065
30.999999999999996       700                      304.66713211382114       0.299541049682263        0.7004589503177155       -1.9559330241894524      1.9662070209257922
30.999999999999996       749.9999999999999        304.66713211382114       0.29937577113042924      0.700624228869534        -0.0015384794877536156   -0.21335938958257467
30.999999999999996       800                      304.66713211382114       0.2843061939124378       0.7156938060876578       1.8651732944249657       -2.4130276481291664
30.999999999999996       849.9999999999999        304.66713211382114       0.3012568984017536       0.6987431015985078       -2.5403109606303236      1.6729811837711863
30.999999999999996       900                      304.66713211382114       0.29744705109875424      0.7025529489014722       -0.5872743857289796      -0.5069315571776222
30.999999999999996       949.9999999999999        304.66713211382114       0.28475437565816275      0.7152456243417025       1.2703937855399186       -2.7085993187697635
30.999999999999996       1000                     304.66713211382114       0.30267702043504974      0.6973229795652209       -3.123804757989919       1.3799439158638978
30.999999999999996       1050                     304.66713211382114       0.295397408113459        0.7046025918865932       -1.174309100131959       -0.8007877393947301
30.999999999999996       1100                     304.66713211382114       0.2856211789238095       0.7143788210762783       0.6760000277289878       -3.004121614423867
30.999999999999996       1149.9999999999998       304.66713211382114       0.30376511533289513      0.696234884667014        2.5766530020344294       1.0870950595387858
30.999999999999996       1200                     304.66713211382114       0.2932899627724627       0.706710037227632        -1.7625781861163197      -1.0949474043200977
30.999999999999996       1250                     304.66713211382114       0.28687699685099843      0.7131230031493806       0.08247856518464344      2.983756755495467
30.999999999999996       1300                     304.66713211382114       0.30446844201692674      0.6955315579830437       1.9944692280269798       0.794356919902167
30.999999999999996       1349.9999999999998       304.66713211382114       0.291239473465791        0.7087605265341833       -2.352190881405589       -1.3893740077644403
30.999999999999996       1400                     304.66713211382114       0.2884585058580822       0.7115414941420184       -0.5102319662327511      2.688599053162225
30.999999999999996       1450                     304.66713211382114       0.3047652756777818       0.6952347243223524       1.4126300987158047       0.5017138639925204
30.999999999999996       1499.9999999999998       304.66713211382114       0.2893266896361017       0.7106733103639675       -2.943087775562581       -1.6841291897375015
30.999999999999996       1550                     304.66713211382114       0.29029108041118146      0.7097089195889821       -1.1017746773103285      2.3937511771952527
30.999999999999996       1600                     304.66713211382114       0.30465981552862925      0.6953401844714145       0.830881699099114        0.20912477811943736
30.999999999999996       1650                     304.66713211382114       0.28759717200451473      0.7124028279980091       2.747925486694458        -1.9791313630419438
30.999999999999996       1699.9999999999998       304.66713211382114       0.29231433333470175      0.7076856666654926       -1.6920526540172205      2.099143471138517
30.999999999999996       1750                     304.66713211382114       0.3041247479337897       0.695875252067043        0.24880774837787184      -0.08358891333122843
30.999999999999996       1800                     304.66713211382114       0.2862001374714578       0.7137998625284142       2.154827203408425        -2.2743312199694232
30.999999999999996       1849.9999999999998       304.66713211382114       0.2943986626105877       0.7056013373891235       -2.2810206208385315      1.8048456859962136
30.999999999999996       1899.9999999999998       304.66713211382114       0.303206126045688        0.6967938739541526       -0.3336441336690567      -0.3763639349230427
30.999999999999996       1949.9999999999998       304.66713211382114       0.2851207079523879       0.714879292047577        1.5607802984913641       -2.56978634436773
30.999999999999996       2000                     304.66713211382114       0.2965145734034554       0.7034854265974081       -2.868462102395721       1.5109003029910262
41                       50                       304.66713211382114       0.28094841684572164      0.7190515831543081       -1.3855610812182342      -0.910781331015007
41                       100                      304.66713211382114       0.28256771313743906      0.717432286862599        0.45927184984477726      -3.10633643994158
41                       150                      304.66713211382114       0.3021459388104835       0.6978540611894444       2.4459845505548308       1.0127100452345192
41                       200                      304.66713211382114       0.2747391478735701       0.7252608521263832       -1.8819638935673364      -1.1576867248467453
41                       250                      304.66713211382114       0.2834980679551294       0.7165019320444541       -0.0360216227948479      2.9316188211617575
41                       300                      304.66713211382114       0.3024826135404741       0.6975173864595778       1.9663189684778224       0.7723926479971571
41                       350                      304.66713211382114       0.27426541823689876      0.725734581763196        -2.365926405050533       -1.3986562976724486
41                       400                      304.66713211382114       0.28523423742763876      0.7147657625723134       -0.5169232663067527      2.691042038946269
41                       450                      304.66713211382114       0.30176435839188187      0.6982356416080892       1.4893177925435863       0.5325364924625309
41                       500                      304.66713211382114       0.27319653576612074      0.7268034642334518       -2.852201288523798       -1.6406279961701586
41                       550                      304.66713211382114       0.28682273892335086      0.7131772610765849       -0.9992225187571199      2.449953300036097
41                       600                      304.66713211382114       0.301070746741292        0.6989292532585625       1.0118735743879703       0.2926048280096438
41                       650                      304.66713211382114       0.2723590052070562       0.727640994792782        2.944693949259494        -1.882543626240641
41                       700                      304.66713211382114       0.28846745928372647      0.7115325407161781       -1.4808204831431633      2.209064467651112
41                       749.9999999999999        304.66713211382114       0.3002041211172765       0.6997958788828507       0.5341649504400583       0.052611031513094826
41                       800                      304.66713211382114       0.27162925044134306      0.7283707495584598       2.4580826228830888       -2.1245127876792544
41                       849.9999999999999        304.66713211382114       0.29007417673179287      0.7099258232679576       -1.9618502491587568      1.9683122799900572
41                       900                      304.66713211382114       0.29920271469119153      0.7007972853090997       0.05626579944684242      -0.18742300347036994
41                       949.9999999999999        304.66713211382114       0.2710894384749059       0.728910561524733        1.9712808797082402       -2.366517139187119
41                       1000                     304.66713211382114       0.29163957874418545      0.7083604212563244       -2.4423301777184006      1.7276678710914708
41                       1050                     304.66713211382114       0.29811258357735976      0.7018874164227088       -0.42200095954491806     -0.42756204676916976
41                       1100                     304.66713211382114       0.2706716311592133       0.7293283688409429       1.4843291636916185       -2.6085468641442975
41                       1149.9999999999998       304.66713211382114       0.293151004339324        0.7068489956609436       -2.922481600273664       1.4870960684863617
41                       1200                     304.66713211382114       0.29689907145876304      0.7031009285412531       -0.9005806253806438      -0.6677487488143432
41                       1250                     304.66713211382114       0.2704595882449044       0.7295404117550086       0.9972311863205878       -2.850621661323832
41                       1300                     304.66713211382114       0.2946031646920917       0.7053968353079791       2.8810826852704268       1.2466439089952164
41                       1349.9999999999998       304.66713211382114       0.2956036805838544       0.7043963194163181       -1.3795454223733865      -0.908056376200599
41                       1400                     304.66713211382114       0.27040030965165524      0.7295996903486787       0.5101201223390257       -3.0927058210688294
41                       1450                     304.66713211382114       0.29599350288419185      0.704006497115708        2.401884321299313        1.0062898805978475
41                       1499.9999999999998       304.66713211382114       0.2941951151441759       0.7058048848558429       -1.8588658726707274      -1.1484359693848547
41                       1550                     304.66713211382114       0.27049524965366284      0.7295047503463197       0.022877622374641183     2.9483776645903625
41                       1600                     304.66713211382114       0.2972632020822115       0.70273679791791         1.923092351352948        0.7660597630557218
41                       1650                     304.66713211382114       0.29273158376304614      0.7072684162370271       -2.3387602565302057      -1.388979168161074
41                       1699.9999999999998       304.66713211382114       0.27077993802951256      0.7292200619703785       -0.464149664961102       2.706328162844301
41                       1750                     304.66713211382114       0.29843251574854257      0.7015674842512893       1.4445766552942678       0.5258477859287777
41                       1800                     304.66713211382114       0.29121302667362975      0.70878697332663         -2.8188650194337965      -1.6294826858080151
41                       1849.9999999999998       304.66713211382114       0.27124578993813186      0.7287542100618047       -0.951129462286074       2.4642913357645284
41                       1899.9999999999998       304.66713211382114       0.2994984195559043       0.7005015804440821       0.9664043792120256       0.2857677142658212
41                       1949.9999999999998       304.66713211382114       0.2896344155108135       0.7103655844892802       2.983582394221521        -1.8702352839618503
41                       2000                     304.66713211382114       0.27181268990307816      0.7281873100976706       -1.4379085323818341      2.222273910492995
50.99999999999999        50                       304.66713211382114       0.27021268546073207      0.7297873145392584       -1.3134648636395867      -0.8824970571996313
50.99999999999999        100                      304.66713211382114       0.271235956855695        0.7287640431444261       0.5339358963428071       -3.0657861249569303
50.99999999999999        150                      304.66713211382114       0.3000018813007689       0.6999981186991019       2.5816257376919816       1.077484279999489
50.99999999999999        200                      304.66713211382114       0.26188516012646024      0.7381148398736127       -1.6820153078017182      -1.0672502359367126
50.99999999999999        250                      304.66713211382114       0.2690605513217561       0.7309394486780878       0.16132967754353222      3.0345872731836847
50.99999999999999        300                      304.66713211382114       0.30116237386253686      0.6988376261372984       2.2217261301086184       0.8996819042008004
50.99999999999999        350                      304.66713211382114       0.2635608427233341       0.7364391572767409       -2.0314680809002814      -1.2422707726254265
50.99999999999999        400                      304.66713211382114       0.2686299850757248       0.7313700149242421       -0.18827491476641203     2.8591368902902654
50.99999999999999        450                      304.66713211382114       0.30114034183452154      0.698859658165464        1.8673979560922305       0.7228999323106532
50.99999999999999        500                      304.66713211382114       0.2640268547216413       0.7359731452784938       -2.3830410954509476      -1.4184618520753067
50.99999999999999        550                      304.66713211382114       0.26792857384226176      0.7320714261577936       -0.5404621016673723      2.682883191041677
50.99999999999999        600                      304.66713211382114       0.3012004316030193       0.6987995683969475       1.5124358932499968       0.5460439464388028
50.99999999999999        650                      304.66713211382114       0.2646905893778947       0.7353094106221923       -2.734557042493331       -1.59455646361367
50.99999999999999        700                      304.66713211382114       0.2672841109333171       0.7327158890666694       -0.8922624707381931      2.5067372712020735
50.99999999999999        749.9999999999999        304.66713211382114       0.30123928779175385      0.6987607122083211       1.1574375288064818       0.36916292843842613
50.99999999999999        800                      304.66713211382114       0.2652956378881986       0.7347043621120182       -3.0860593549516304      -1.7706513671589668
50.99999999999999        849.9999999999999        304.66713211382114       0.26663345343157074      0.7333665465684317       -1.2440164883045473      2.330586509623522
50.99999999999999        900                      304.66713211382114       0.30126194010889096      0.6987380598910437       0.802499737537549        0.19228886368275028
50.99999999999999        949.9999999999999        304.66713211382114       0.26594702219312566      0.7340529778073988       2.845541983291204        -1.946752552968652
50.99999999999999        1000                     304.66713211382114       0.2659595293125598       0.7340404706874476       -1.5956580178591944      2.154445153752174
50.99999999999999        1050                     304.66713211382114       0.30127341895439763      0.6987265810456028       0.447608636886198        0.01544579538725984
50.99999999999999        1100                     304.66713211382114       0.26658201239718615      0.7334179876027692       2.493840897115318        -2.122901253818158
50.99999999999999        1149.9999999999998       304.66713211382114       0.2653332055261436       0.734666794473872        -1.9472758452154553      1.9783407821652061
50.99999999999999        1200                     304.66713211382114       0.3012545206679445       0.6987454793319562       0.09260628254786812      -0.16142939413516078
50.99999999999999        1250                     304.66713211382114       0.26724293865762255      0.7327570613424166       2.142142935137514        -2.299041135210225
50.99999999999999        1300                     304.66713211382114       0.2647082151905918       0.7352917848094909       -2.2988289144431886      1.802224810264447
50.99999999999999        1349.9999999999998       304.66713211382114       0.30121044965525373      0.6987895503446186       -0.2623082605508051      -0.338302068217008
50.99999999999999        1400                     304.66713211382114       0.2679122207950373       0.7320877792049347       1.790293067811372        -2.475233138940393
50.99999999999999        1450                     304.66713211382114       0.2640802403528433       0.7359197596469894       -2.6503323113030497      1.6261117810973909
50.99999999999999        1499.9999999999998       304.66713211382114       0.3011404335426397       0.6988595664574054       -0.6173181203811302      -0.5151983749021899
50.99999999999999        1550                     304.66713211382114       0.2685905502975102       0.7314094497024578       1.4384427377709514       -2.6513801292623844
50.99999999999999        1600                     304.66713211382114       0.263480549415091        0.7365194505849373       -3.0017701244381096      1.4500427025573424
50.99999999999999        1650                     304.66713211382114       0.30106380367207186      0.6989361963278741       -0.9723549324585818      -0.692089206290416
50.99999999999999        1699.9999999999998       304.66713211382114       0.26926398222306175      0.730736017776995        1.086416470313988        -2.827589001674041
50.99999999999999        1750                     304.66713211382114       0.2628925327094654       0.7371074672894427       2.9300585248433353       1.2739396082388426
50.99999999999999        1800                     304.66713211382114       0.30095292914962585      0.6990470708503834       -1.3271494154046881      -0.8689052132947923
50.99999999999999        1849.9999999999998       304.66713211382114       0.26996835618800513      0.7300316438108653       0.7343929325059994       -3.0037974209770812
50.99999999999999        1899.9999999999998       304.66713211382114       0.26230308231463517      0.7376969176853764       2.5787455141211457       1.097888949029305
50.99999999999999        1949.9999999999998       304.66713211382114       0.30085130758684014      0.6991486924133351       -1.6821150781667347      -1.0457938925632404
50.99999999999999        2000                     304.66713211382114       0.2706710698724028       0.7293289301278072       0.3822910298472952       3.1031747008779176
60.99999999999999        50                       304.66713211382114       0.2581246022497448       0.7418753977502728       -1.222625792953847       -0.8477703895318849
60.99999999999999        100                      304.66713211382114       0.25609941813022546      0.7439005818697904       0.626985934398378        -3.015653118107803
60.99999999999999        150                      304.66713211382114       0.2976619932685475       0.7023380067314313       2.74073490449369         1.1549965604722787
60.99999999999999        200                      304.66713211382114       0.24975064062587232      0.7502493593737201       -1.4297573887761124      -0.9556796536315215
60.99999999999999        250                      304.66713211382114       0.24779397888886648      0.7522060211107111       0.41018352422929905      -3.1208774335465415
60.99999999999999        300                      304.66713211382114       0.29852711742228927      0.7014728825776678       2.5186240224138983       1.0516327186957666
60.99999999999999        350                      304.66713211382114       0.25706774001358557      0.742932259986648        -1.6165960596998963      -1.0505083130190673
60.99999999999999        400                      304.66713211382114       0.24326733212519908      0.7567326678749032       0.23028543965888348      3.068267946254027
60.99999999999999        450                      304.66713211382114       0.29716589281002787      0.7028341071899483       2.3060166230582024       0.9501533227528556
60.99999999999999        500                      304.66713211382114       0.2630494682079753       0.7369505317921297       -1.808924230252914       -1.1474665633717154
60.99999999999999        550                      304.66713211382114       0.23902944128353315      0.7609705587164841       0.05041758986536008      2.9737821237235464
60.99999999999999        600                      304.66713211382114       0.2948024524103268       0.705197547589736        2.0932341105096333       0.8486842159114403
60.99999999999999        650                      304.66713211382114       0.2692336060260824       0.7307663939739802       -2.005007055732647       -1.2450662261835244
60.99999999999999        700                      304.66713211382114       0.23584885995827676      0.7641511400418936       -0.12661727318187907     2.879822209746822
60.99999999999999        749.9999999999999        304.66713211382114       0.29151970807619226      0.7084802919238519       1.8819890173745917       0.7475950714558323
60.99999999999999        800                      304.66713211382114       0.27522286956750375      0.7247771304325004       -2.204655546852973       -1.343474596122007
60.99999999999999        849.9999999999999        304.66713211382114       0.23381072071314601      0.7661892792869373       -0.30165252575056933     2.786247103859463
60.99999999999999        900                      304.66713211382114       0.2873763610526223       0.7126236389476382       1.672715416413906        0.6469972277144251
60.99999999999999        949.9999999999999        304.66713211382114       0.2808797786803096       0.719120221320086        -2.4075759499166485      -1.442570660439115
60.99999999999999        1000                     304.66713211382114       0.2329885404672112       0.7670114595330793       -0.475681285913325       2.6928101163037366
60.99999999999999        1050                     304.66713211382114       0.2824550667767601       0.7175449332231115       1.4658324979841342       0.5469543826284136
60.99999999999999        1100                     304.66713211382114       0.2859629835082626       0.7140370164920096       -2.6135874769578553      -1.5424105857104211
60.99999999999999        1149.9999999999998       304.66713211382114       0.23342911005736555      0.7665708899426845       -0.6495133968010391      2.5994141686315837
60.99999999999999        1200                     304.66713211382114       0.2769740618945349       0.7230259381054532       1.261934671208966        0.4476227889039709
60.99999999999999        1250                     304.66713211382114       0.29035136520314797      0.7096486347968882       -2.8221985801469414      -1.642863913239539
60.99999999999999        1300                     304.66713211382114       0.23510686211417792      0.76489313788576         -0.8240495636317313      2.505949671094032
60.99999999999999        1349.9999999999998       304.66713211382114       0.27106519142043883      0.7289348085794998       1.0611303950218303       0.348952030885749
60.99999999999999        1400                     304.66713211382114       0.2939207897653839       0.7060792102345368       -3.032977620403172       -1.7438701171457365
60.99999999999999        1450                     304.66713211382114       0.23795312232457524      0.7620468776752934       -1.000440936305382       2.4120944212218745
60.99999999999999        1499.9999999999998       304.66713211382114       0.26491778472253014      0.735082215277438        0.8640099771253532       0.25109633196922065
60.99999999999999        1550                     304.66713211382114       0.2965439875868031       0.7034560124131791       3.0380497831768007       -1.8451395471597523
60.99999999999999        1600                     304.66713211382114       0.24186907556411347      0.7581309244359936       -1.1792186283767323      2.317829224085592
60.99999999999999        1650                     304.66713211382114       0.25876132047075145      0.7412386795294537       0.6705812517390567       0.15406098429681783
60.99999999999999        1699.9999999999998       304.66713211382114       0.2982067563654682       0.7017932436344748       2.82455908919058         -1.9467915221070926
60.99999999999999        1750                     304.66713211382114       0.24662747450681693      0.7533725254934768       -1.3610212670702304      2.2230266411809745
60.99999999999999        1800                     304.66713211382114       0.2528135824665822       0.7471864175333408       0.4809625338306075       0.05773223677556527
60.99999999999999        1849.9999999999998       304.66713211382114       0.2987772607422656       0.7012227392578443       2.610635580898303        -2.0485543493792466
60.99999999999999        1899.9999999999998       304.66713211382114       0.2520886582336426       0.7479113417665207       -1.5463091365722206      2.1275757018907986
60.99999999999999        1949.9999999999998       304.66713211382114       0.2472758186681115       0.7527241813317543       0.29524644541314954      -0.037809710269163334
60.99999999999999        2000                     304.66713211382114       0.2983120802744507       0.7016879197257274       2.396595336031731        -2.1503462328653633
70.99999999999999        50                       304.66713211382114       0.24492364100951056      0.755076358990466        -1.1071225896944077      -0.8050316421062977
70.99999999999999        100                      304.66713211382114       0.2348049003945502       0.7651950996054512       0.7449851144555119       -2.9525261229425728
70.99999999999999        150                      304.66713211382114       0.2943192846763439       0.7056807153236225       2.923592021282722        1.2480003717820705
70.99999999999999        200                      304.66713211382114       0.24189508268807267      0.7581049173118364       -1.1129053615005686      -0.8171842490513921
70.99999999999999        250                      304.66713211382114       0.21739191060177326      0.7826080893983247       0.7384060472152287       -2.958446568297875
70.99999999999999        300                      304.66713211382114       0.29041375015329096      0.7095862498467672       2.862393053090884        1.2346397638372464
70.99999999999999        350                      304.66713211382114       0.2602129745610859       0.7397870254389242       -1.1160349985292362      -0.8163769683182445
70.99999999999999        400                      304.66713211382114       0.20991425473443676      0.7900857452656403       0.7934836802545071       -2.947841226868423
70.99999999999999        450                      304.66713211382114       0.28043094517753553      0.719569054822563        2.8215226651647867       1.2259183622604148
70.99999999999999        500                      304.66713211382114       0.2752604676260962       0.724739532374015        -1.1385005552814054      -0.8208769214770096
70.99999999999999        550                      304.66713211382114       0.20843218884228892      0.7915678111577661       0.8530997923738273       -2.9371616143288586
70.99999999999999        600                      304.66713211382114       0.2663951900100186       0.7336048099900158       2.7923694831056087       1.2199981902721526
70.99999999999999        650                      304.66713211382114       0.28702497198293636      0.7129750280170457       -1.1759970993474853      -0.8287175279541125
70.99999999999999        700                      304.66713211382114       0.2140254711761964       0.7859745288260739       0.9094260224325302       -2.926949021723833
70.99999999999999        749.9999999999999        304.66713211382114       0.2500466008989522       0.7499533991011238       2.7809678115532432       1.2180115402694538
70.99999999999999        800                      304.66713211382114       0.2940369863274769       0.7059630136717918       -1.223318258331791       -0.8390540765990093
70.99999999999999        849.9999999999999        304.66713211382114       0.22556931063226737      0.7744306893674336       0.9515107395686278       -2.9189726791105737
70.99999999999999        900                      304.66713211382114       0.23367137837526955      0.7663286216248332       2.7907060960730328       1.220313847298282
70.99999999999999        949.9999999999999        304.66713211382114       0.29558865560525904      0.7044113443948207       -1.2749787448604502      -0.8504547914487967
70.99999999999999        1000                     304.66713211382114       0.24092169299748473      0.7590783070027368       0.9733691142512779       -2.914438431333617
70.99999999999999        1050                     304.66713211382114       0.21973936935990795      0.7802606306400357       2.822155348938217        1.2265197813239581
70.99999999999999        1100                     304.66713211382114       0.29151373906754374      0.7084862609324727       -1.3253414162492096      -0.8615583357100238
70.99999999999999        1149.9999999999998       304.66713211382114       0.2575942719243687       0.742405728075765        0.9732117722164406       -2.9140979132014975
70.99999999999999        1200                     304.66713211382114       0.2106920119177971       0.7893079880823767       2.8717509665304206       1.2356870248205165
70.99999999999999        1250                     304.66713211382114       0.28224306507731173      0.7177569349227348       -1.3688983153649297      -0.8709142334677372
70.99999999999999        1300                     304.66713211382114       0.2731217321746664       0.7268782678253806       0.9533016093877321       -2.9179227010863147
70.99999999999999        1349.9999999999998       304.66713211382114       0.20820565068559319      0.7917943493144595       2.9311184698459933       1.246387364298891
70.99999999999999        1400                     304.66713211382114       0.2687449191132155       0.7312550808868475       -1.4002559984467005      -0.8773529710900343
70.99999999999999        1450                     304.66713211382114       0.285507885039734        0.7144921149601847       0.9177003389893733       -2.9253387385144047
70.99999999999999        1499.9999999999998       304.66713211382114       0.21277754306136457      0.787222456938909        2.9886855600520046       1.2567853599581549
70.99999999999999        1550                     304.66713211382114       0.25262913293327266      0.7473708670666273       -1.4146306627653888      -0.8799489780816989
70.99999999999999        1600                     304.66713211382114       0.29330611888625024      0.7066938811138572       0.8715914587544612       -2.935332874271597
70.99999999999999        1650                     304.66713211382114       0.22349756575848923      0.7765024342414236       3.0335192098754944       1.265229721354858
70.99999999999999        1699.9999999999998       304.66713211382114       0.23606843975640224      0.7639315602439577       -1.408239970407629       -0.8783028525805681
70.99999999999999        1750                     304.66713211382114       0.29569959934468854      0.7043004006551479       0.820222592759094        -2.9467132950868073
70.99999999999999        1800                     304.66713211382114       0.23845401357069357      0.7615459864297913       3.058523709219609        1.2702731878879396
70.99999999999999        1849.9999999999998       304.66713211382114       0.22159769153627634      0.7784023084634326       -1.3800471255905746      -0.8726662479284057
70.99999999999999        1899.9999999999998       304.66713211382114       0.2924783084422371       0.7075216915574326       0.7692737315249847       -2.9579344675671844
70.99999999999999        1949.9999999999998       304.66713211382114       0.255110668168303        0.7448893318318026       3.061607131306201        1.2712489159700593
70.99999999999999        2000                     304.66713211382114       0.21168466401846533      0.7883153359818051       -1.3328715705784122      -0.8638953491189189
81                       50                       304.66713211382114       0.23127212774791397      0.7687278722520978       -0.9586664942152646      -0.7520819758888004
81                       100                      304.66713211382114       0.2041149604294259       0.7958850395705336       0.8999340625215957       -2.870999540798579
81                       150                      304.66713211382114       0.28713787533747237      0.712862124662537        3.1298326962982905       1.3607622721206631
81                       200                      304.66713211382114       0.24346463960977274      0.7565353603902958       -0.7284596174278062      -0.6459536132038906
81                       250                      304.66713211382114       0.1789751722809969       0.8210248277191691       1.2007727106191213       -2.745875389251282
81                       300                      304.66713211382114       0.2671164547483828       0.7328835452516458       -3.0154232650227843      1.4604897625974183
81                       350                      304.66713211382114       0.2752382367894825       0.7247617632104446       -0.546381407451278       -0.5346210445009878
81                       400                      304.66713211382114       0.18355603237275397      0.8164439676273159       1.582856603172641        -2.6008114092708134
81                       450                      304.66713211382114       0.23420807557002687      0.7657919244299813       -2.8125196295532637      1.5753962397292236
81                       500                      304.66713211382114       0.29096740791732273      0.7090325920828284       -0.4019223644900183      -0.43359908992522594
81                       550                      304.66713211382114       0.20908908684763228      0.7909109131523181       1.914912398097669        -2.4632407533333676
81                       600                      304.66713211382114       0.20029449033590518      0.7997055096639214       -2.5374444998713486      1.704090802263961
81                       650                      304.66713211382114       0.28829096300453355      0.7117090369954866       -0.26822558708500444     -0.33534369611544396
81                       700                      304.66713211382114       0.2441402862049264       0.7558597137951758       2.1674879731659016       -2.3385169124511145
81                       749.9999999999999        304.66713211382114       0.17988650013778035      0.8201134998623079       -2.1863594442128162      1.8444033655331198
81                       800                      304.66713211382114       0.26782831705586363      0.7321716829447493       -0.11590136938385831     -0.2322438236009302
81                       849.9999999999999        304.66713211382114       0.2746238660785391       0.7253761339212466       2.3524796431952315       -2.227572794576909
81                       900                      304.66713211382114       0.18311222700078572      0.8168877729991965       -1.8072143851631974      1.9883679417936044
81                       949.9999999999999        304.66713211382114       0.23508106701168321      0.7649189329881708       0.0840485470977904       -0.11797655998439548
81                       1000                     304.66713211382114       0.2908192873798196       0.7091807126200714       2.497230953924319        -2.126409175105364
81                       1050                     304.66713211382114       0.20829476200062239      0.7917052379993127       -1.4733108715859744      2.1262617109595974
81                       1100                     304.66713211382114       0.20101181544696833      0.7989881845529551       0.35718439666956436      0.010350903522828726
81                       1149.9999999999998       304.66713211382114       0.28860830170777035      0.7113916982922383       2.630840528565395        -2.028183126692755
81                       1200                     304.66713211382114       0.2432893290455625       0.7567106709544422       -1.2187476369550285      2.251334224929945
81                       1250                     304.66713211382114       0.18012093735666262      0.8198790626436787       0.7067001019530182       0.15044493198563108
81                       1300                     304.66713211382114       0.2685400628361988       0.731459937163893        2.782189919320638        -1.9253471602455605
81                       1349.9999999999998       304.66713211382114       0.27397207015915176      0.7260279298409898       -1.0322751315111658      2.362625386791337
81                       1400                     304.66713211382114       0.18270056569882917      0.8172994343012728       1.0861065607420926       0.294448486075936
81                       1450                     304.66713211382114       0.235950974662267        0.7640490253377664       2.980607992903351        -1.8114100393014239
81                       1499.9999999999998       304.66713211382114       0.2906087767388117       0.7093912232612578       -0.887007856641522       2.4638936494478823
81                       1550                     304.66713211382114       0.20747334369476658      0.7925266563052453       1.4218569768865306       0.4325939681790353
81                       1600                     304.66713211382114       0.20179722361998728      0.7982027763799913       -3.0313781497338983      -1.6833761209754772
81                       1650                     304.66713211382114       0.288879498114329        0.7111205018856969       -0.7535352806109389      2.56208685799754
81                       1699.9999999999998       304.66713211382114       0.242425903584675        0.7575740964152412       1.678311046791891        0.5580247000124108
81                       1750                     304.66713211382114       0.18038583342030334      0.8196141665797267       -2.683523868857352       -1.5435498605739968
81                       1800                     304.66713211382114       0.2692158425812549       0.7307841574189685       -0.6027968766401229      2.6648066883635453
81                       1849.9999999999998       304.66713211382114       0.2733507187884091       0.7266492812117301       1.866139354274102        0.6696072027975558
81                       1899.9999999999998       304.66713211382114       0.1823739489043345       0.8176260510956339       -2.3038640000715427      -1.3994888300585713
81                       1949.9999999999998       304.66713211382114       0.23683721642884442      0.7631627835712519       -0.40586491262451946     2.7783896474222622
81                       2000                     304.66713211382114       0.29043120891972823      0.7095687910760975       2.0122156342513775       0.7711355757112636
91                       50                       304.66713211382114       0.21889413004795122      0.7811058699519238       -0.7683894329890992      -0.6868623191462829
91                       100                      304.66713211382114       0.16056053506979404      0.8394394649302204       1.117218819104548        -2.7626730820203176
91                       150                      304.66713211382114       0.2688927372893882       0.7311072627105702       -2.9255480910382055      1.5000482392719876
91                       200                      304.66713211382114       0.25782419929537775      0.7421758007048097       -0.29397037370159357     -0.43728445714358355
91                       250                      304.66713211382114       0.14659767733066745      0.8534023226694979       1.8890672855452928       -2.462579847602536
91                       300                      304.66713211382114       0.2113085860421799       0.7886914139578688       -2.4989763502328093      1.7540865185704662
91                       350                      304.66713211382114       0.2881126653485584       0.7118873346512722       0.06277098644498605      -0.199220071273032
91                       400                      304.66713211382114       0.20096998914179326      0.7990300108581416       2.5908628009179853       -2.1602438389093646
91                       450                      304.66713211382114       0.15238752497051736      0.8476124750295148       -1.836273208161193       2.0508868086506253
91                       500                      304.66713211382114       0.26651536039290824      0.7334846396069838       0.4142746013393653       0.03650233122099523
91                       550                      304.66713211382114       0.2631570582068774       0.7368429417931369       3.0605159092758205       -1.8962324029944546
91                       600                      304.66713211382114       0.14976697553007481      0.8502330244702884       -1.0016936823018214      2.3676939558762067
91                       650                      304.66713211382114       0.2058441794259304       0.7941558205741429       0.8713838329466055       0.29789351507317674
91                       700                      304.66713211382114       0.28823000948329636      0.7117699905167022       -2.8677433067319726      -1.6595469373607077
91                       749.9999999999999        304.66713211382114       0.20637578129995512      0.7936242187000836       -0.3220736584553411      2.666573290025887
91                       800                      304.66713211382114       0.1495125944486082       0.8504874055510591       1.5529044967942023       0.5970050880702948
91                       849.9999999999999        304.66713211382114       0.26281492791826366      0.7371850720816883       -2.5124717907155127      -1.4227432557216155
91                       900                      304.66713211382114       0.2668681105621296       0.73313188943777         0.1338086268520717       2.9277178012603606
91                       949.9999999999999        304.66713211382114       0.152666843865479        0.847333156134565        2.3873437450765835       0.9138425755707291
91                       1000                     304.66713211382114       0.20041255380908093      0.7995874461908132       -2.0415552944717814      -1.1584576823732937
91                       1050                     304.66713211382114       0.28803570012659435      0.7119642998734689       0.4845920267779316       -3.1199276395753412
91                       1100                     304.66713211382114       0.2118657576400319       0.7881342423600829       3.04667248170999         1.2099474250407227
91                       1149.9999999999998       304.66713211382114       0.14708644539145105      0.8529135546086162       -1.3400382247815221      -0.8567306451620453
91                       1200                     304.66713211382114       0.25878117715325366      0.7412188228466868       0.8446823284393081       -2.8818214206803288
91                       1250                     304.66713211382114       0.27033127483724234      0.7296687251628103       -2.793686190448831       1.4682581433086221
91                       1300                     304.66713211382114       0.15593592581674715      0.8440640741833522       -0.5082230651116738      -0.5401947877243686
91                       1349.9999999999998       304.66713211382114       0.19499749444275133      0.8050025055572649       1.3304268492029785       -2.614508676387636
91                       1400                     304.66713211382114       0.2875572985294179       0.7124427014705536       -2.446074899427041       1.7029356758431864
91                       1450                     304.66713211382114       0.21725951561237267      0.7827404843874186       0.13083656528507734      -0.24688524538480205
91                       1499.9999999999998       304.66713211382114       0.145092629543527        0.8549073704563781       2.051584856358768        -2.310337170250722
91                       1550                     304.66713211382114       0.254530017123483        0.7454699828762441       -2.0805529469817423      1.9424846557267017
91                       1600                     304.66713211382114       0.2734970388354116       0.7265029611645278       0.5614888595017531       0.008672695394067871
91                       1650                     304.66713211382114       0.15959214541506636      0.8404078545851679       2.877827531455234        -1.9943615041587988
91                       1699.9999999999998       304.66713211382114       0.18966507635029214      0.8103349236517796       -1.57932938316626        2.2128392922722147
91                       1750                     304.66713211382114       0.28664818905506456      0.7133518109453376       0.9063760114083084       0.24259013934166557
91                       1800                     304.66713211382114       0.22269547625211403      0.7773045237477902       -2.7865379028290067      -1.704044248485136
91                       1849.9999999999998       304.66713211382114       0.14354713153152518      0.8564528684667594       -0.8393115600539759      2.519302017164559
91                       1899.9999999999998       304.66713211382114       0.2500542440760946       0.7499457559238183       1.2783303818814347       0.48383356033978436
91                       1949.9999999999998       304.66713211382114       0.2764091799974555       0.7235908200023904       -2.367204714878581       -1.451105095187173
91                       2000                     304.66713211382114       0.1635286439303323       0.836471356069786        -0.020900848467781098    2.8344531581274715
100.99999999999999       50                       304.66713211382114       0.21087972652393597      0.7891202734760785       -0.5288401028995652      -0.6074612161728273
100.99999999999999       100                      304.66713211382114       0.10448097557874482      0.8955190244212248       1.4598706078523822       -2.6150032301366273
100.99999999999999       150                      304.66713211382114       0.22540430466786013      0.7745956953321632       -2.674737234249084       1.6798895498185833
100.99999999999999       200                      304.66713211382114       0.2770418528264544       0.7229581471735359       0.15292272784022024      -0.18715609135630454
100.99999999999999       250                      304.66713211382114       0.15714788030802487      0.8428521196915922       2.8155948754044786       -2.0932010530101235
100.99999999999999       300                      304.66713211382114       0.11398533826685073      0.8860146617330826       -1.681489924842535       2.167836120711843
100.99999999999999       350                      304.66713211382114       0.2518772429800734       0.7481227570199849       0.7224000062784955       0.21673111850640694
100.99999999999999       400                      304.66713211382114       0.2652699329965426       0.7347300670034705       -2.695865949708585       -1.6396763015588693
100.99999999999999       450                      304.66713211382114       0.1297104699080683       0.8702895300918518       -0.16941511143948562     2.711913981205414
100.99999999999999       500                      304.66713211382114       0.13764856764103695      0.8623514323590018       1.5794611508492735       0.685938644198104
100.99999999999999       550                      304.66713211382114       0.2699628505940929       0.7300371494059645       -2.130612271585932       -1.2374433243130274
100.99999999999999       600                      304.66713211382114       0.24501317575969514      0.7549868242403498       0.7299909354625566       -3.095110775738078
100.99999999999999       650                      304.66713211382114       0.1086035879466304       0.8913964120533895       3.072843439986657        1.2282736078469119
100.99999999999999       700                      304.66713211382114       0.16703490977834415      0.8329650902216374       -1.3908660586593422      -0.7908102338815279
100.99999999999999       749.9999999999999        304.66713211382114       0.2807193601336655       0.7192806398663684       1.3093788661724528       -2.688669258147317
100.99999999999999       800                      304.66713211382114       0.21892349482427303      0.7810765051757261       -2.145637490128626       1.7278567730846865
100.99999999999999       849.9999999999999        304.66713211382114       0.0980110624758049       0.9019889375240765       -0.01622587435470404     -0.25864330863165674
100.99999999999999       900                      304.66713211382114       0.1980801479700874       0.8019198520299211       1.9662672993929335       -2.261223808498964
100.99999999999999       949.9999999999999        304.66713211382114       0.2835558125325478       0.7164441874674846       -1.5294999261216486      2.1446854583238113
100.99999999999999       1000                     304.66713211382114       0.18891953833045533      0.8110804616695244       1.2357602779035282       0.26185107989823664
100.99999999999999       1050                     304.66713211382114       0.09991088889643922      0.9000891111034951       -3.1206830290276097      -1.746447460992579
100.99999999999999       1100                     304.66713211382114       0.22714528561003672      0.7728547143899331       -0.9268655510389306      2.557751625525243
100.99999999999999       1149.9999999999998       304.66713211382114       0.2783423408597462       0.7216576591401055       1.9140545407905927       0.6945732775671399
100.99999999999999       1200                     304.66713211382114       0.15798666293362007      0.8420133370652176       -1.7023570564347525      -1.210451235069322
100.99999999999999       1250                     304.66713211382114       0.11389333863578766      0.886106661364326        0.0854589257036667       3.050561900497829
100.99999999999999       1300                     304.66713211382114       0.25170874775833424      0.7482912522417614       2.486945952829291        1.099098885695393
100.99999999999999       1349.9999999999998       304.66713211382114       0.26532290818894433      0.7346770918111051       -0.931686977015984       -0.757428090757179
100.99999999999999       1400                     304.66713211382114       0.1298395306927406       0.8701604693075362       1.5957915906261733       -2.688869370238017
100.99999999999999       1450                     304.66713211382114       0.13748612296350973      0.8625138770364587       -2.938835952376765       1.5682736803030093
100.99999999999999       1499.9999999999998       304.66713211382114       0.2698702312004093       0.7301297687999035       -0.3663570186895212      -0.3551732191592088
100.99999999999999       1550                     304.66713211382114       0.24518304552343612      0.754816954476845        2.494235548716791        -2.212825503419567
100.99999999999999       1600                     304.66713211382114       0.10869992020178368      0.8913000797983579       -1.4448659560381973      2.110725410697332
100.99999999999999       1650                     304.66713211382114       0.16683403779176165      0.8331659622081956       0.3739595400657088       0.09156234541296351
100.99999999999999       1699.9999999999998       304.66713211382114       0.28070331033325613      0.7192966896669681       3.073569420609717        -1.8063912036527183
100.99999999999999       1750                     304.66713211382114       0.2190858860268956       0.7809141139726894       -0.3810286604508434      2.610260470011101
100.99999999999999       1800                     304.66713211382114       0.09803788398448719      0.9019621160154954       1.7495416942023512       0.6238216675310813
100.99999999999999       1849.9999999999998       304.66713211382114       0.19788399861312722      0.8021160013868717       -2.5525711845836154      -1.3789368806397118
100.99999999999999       1899.9999999999998       304.66713211382114       0.28354217816446464      0.7164578218355734       0.2346123829104667       3.026914916662094
100.99999999999999       1949.9999999999998       304.66713211382114       0.18911523494758065      0.8108847650523567       3.0004259303943974       1.1442587007499314
100.99999999999999       2000                     304.66713211382114       0.09984824227571722      0.9001517577242814       -1.3551621026606266      -0.8640148778251255
110.99999999999999       50                       304.66713211382114       0.21195877430374283      0.7880412256963922       -0.243617864679145       -0.5143443709926854
110.99999999999999       100                      304.66713211382114       0.052153562923435745     0.9478464370764945       2.1309896577913503       -2.4137954556981893
110.99999999999999       150                      304.66713211382114       0.13671924872592928      0.8632807512740881       -2.4037963992370153      1.9292653407324556
110.99999999999999       200                      304.66713211382114       0.26916537248991346      0.7308346275102661       0.5717020805589471       0.11757523472141837
110.99999999999999       250                      304.66713211382114       0.22911767637973168      0.7708823236204047       -2.580545358744875       -1.6480628801524722
110.99999999999999       300                      304.66713211382114       0.0703177045922454       0.929682295407698        0.07911480259448087      2.7667838506307425
110.99999999999999       350                      304.66713211382114       0.0976443344107175       0.902355665589319        1.6398553900868758       0.8177035182268737
110.99999999999999       400                      304.66713211382114       0.251784387734882        0.7482156122650929       -1.804137823482239       -1.0233461933884964
110.99999999999999       450                      304.66713211382114       0.2568850716976082       0.7431149283023017       1.3397457067706546       -2.7843494402347773
110.99999999999999       500                      304.66713211382114       0.10643509625459652      0.8935649037453754       -2.065689777515212       1.665027754708819
110.99999999999999       550                      304.66713211382114       0.06409383162816018      0.9359061683718713       -0.47640382581532836     -0.2823651336925611
110.99999999999999       600                      304.66713211382114       0.2223159246015736       0.7776840753984511       2.120066741787917        -2.1582194607822296
110.99999999999999       650                      304.66713211382114       0.27329303694219725      0.7267069630630328       -1.036689499940702       2.3576876112398315
110.99999999999999       700                      304.66713211382114       0.14909632442591392      0.8509036755740024       1.9735953536451778       0.5544663828525362
110.99999999999999       749.9999999999999        304.66713211382114       0.04608143412910353      0.9539185658706975       -2.4374495293813556      -1.3767422191359961
110.99999999999999       800                      304.66713211382114       0.18432321176625735      0.8156767882338015       -0.21427467631541144     2.997516895946186
110.99999999999999       849.9999999999999        304.66713211382114       0.27818801293679946      0.7218119870633333       2.8643664773110005       1.2142609551943544
110.99999999999999       900                      304.66713211382114       0.19139286655264542      0.808607133447354        -0.32953426995991714     -0.5655891010858075
110.99999999999999       949.9999999999999        304.66713211382114       0.04785136231783299      0.9521486376822331       1.966593183269308        -2.4692256127662207
110.99999999999999       1000                     304.66713211382114       0.14152584031134804      0.8584741596887142       -2.5091267425597463      1.879057840415035
110.99999999999999       1050                     304.66713211382114       0.2712518036343889       0.7287481963655981       0.48262607129468665      0.07099237200953226
110.99999999999999       1100                     304.66713211382114       0.2280921912452728       0.771907808754734        -2.668958889578082       -1.6944137550128138
110.99999999999999       1149.9999999999998       304.66713211382114       0.06898194278264423      0.9310180572172961       -0.02174733578737137     2.718823003366445
110.99999999999999       1200                     304.66713211382114       0.09946910063995536      0.9005308993599586       1.5435001508520096       0.7700555289646318
110.99999999999999       1250                     304.66713211382114       0.25290832265487667      0.7470916773449334       -1.8918623886929002      -1.0694134308125594
110.99999999999999       1300                     304.66713211382114       0.2558052800617912       0.7441947199382193       1.2521286466206147       -2.830358694914408
110.99999999999999       1349.9999999999998       304.66713211382114       0.10447923829252577      0.8955207617073754       -2.1612627730263356      1.617439000782394
110.99999999999999       1400                     304.66713211382114       0.0653887247256856       0.934611275274084        -0.5796005453216219      -0.33043652762135156
110.99999999999999       1450                     304.66713211382114       0.22391184298899294      0.776088157010697        2.0313972498827          -2.204601534633169
110.99999999999999       1499.9999999999998       304.66713211382114       0.27276595638977386      0.7272340436102406       -1.1237869958126847      2.3118807542220745
110.99999999999999       1550                     304.66713211382114       0.14700166414328095      0.8529983358567718       1.8816698745359506       0.507390799484656
110.99999999999999       1600                     304.66713211382114       0.04651410499998744      0.9534858950000051       -2.5478782783178042      -1.4250016744916048
110.99999999999999       1650                     304.66713211382114       0.18630435579766838      0.8136956442022352       -0.3044087540682192      2.950723496372112
110.99999999999999       1699.9999999999998       304.66713211382114       0.2782120100433029       0.7217879899572012       2.7772544850269205       1.168435099899717
110.99999999999999       1750                     304.66713211382114       0.18947492249185915      0.810525077508049        -0.41942712452269837     -0.6123053488832979
110.99999999999999       1800                     304.66713211382114       0.04728985393196941      0.9527101460679791       1.8568026083709528       -2.517397785643451
110.99999999999999       1849.9999999999998       304.66713211382114       0.14364260927978376      0.856357390720213        -2.601642900111751       1.8318151190667655
110.99999999999999       1899.9999999999998       304.66713211382114       0.2718461635832529       0.7281538364168728       0.3954576205850674       0.02512937803754078
110.99999999999999       1949.9999999999998       304.66713211382114       0.2265403266271847       0.7734596733727229       -2.757362838745083       -1.740730981254951
110.99999999999999       2000                     304.66713211382114       0.06757397388186863      0.9324260261181535       -0.12372442954265798     2.6708968949804666
