% Model:              nanoholes_rw_sweep.mph
% Version:            COMSOL 6.0.0.405
% Date:               Apr 5 2024, 12:13
% Table:              Table 1 - Global Evaluation 1
% r (nm)                 h_meta (nm)              freq (THz)               reflection (1)           transmission (1)         reflection_phi (rad)     transmission_phi (rad)
19.999999999999996       900                      304.66713211382114       0.30010989230794505      0.6998901076919954       -1.1650455445988153      -0.7908428886068091
19.999999999999996       910                      304.66713211382114       0.2981746338559468       0.7018253661437297       -2.0508807208219606      -1.2330591441828445
19.999999999999996       920                      304.66713211382114       0.2967854157193783       0.7032145842806365       -2.939061141353577       -1.6758072932467267
19.999999999999996       930                      304.66713211382114       0.29620004461732         0.7037999553826917       2.4545828670676024       -2.1188567601260684
19.999999999999996       940                      304.66713211382114       0.29653657601649375      0.7034634239834887       1.5648948504157592       -2.56196010255172
19.999999999999996       949.9999999999999        304.66713211382114       0.2977685161298581       0.7022314838701217       0.6762359593615009       -3.004819810287429
19.999999999999996       960                      304.66713211382114       0.29960892847072274      0.7003910715293385       -0.2102640685341971      2.836002427233113
19.999999999999996       969.9999999999999        304.66713211382114       0.3017207022361578       0.6982792977637373       -1.0939850780426603      2.3942467069262103
19.999999999999996       980                      304.66713211382114       0.30370670459456317      0.696293295405175        -1.9749408010476333      1.9531636648991595
19.999999999999996       989.9999999999999        304.66713211382114       0.30519510747582         0.6948048925241515       -2.853446782516254       1.5126471357967735
19.999999999999996       1000                     304.66713211382114       0.30588648006708813      0.6941135199329672       2.5527072388081136       1.0724917913233392
22                       900                      304.66713211382114       0.2993471431210305       0.7006528568789134       -1.0714434305543326      -0.7448684150283323
22                       910                      304.66713211382114       0.29700445617977855      0.7029955438201848       -1.9561607271682875      -1.1865609341248935
22                       920                      304.66713211382114       0.2952090751505506       0.7047909248493224       -2.8437534005974805      -1.6289013158893677
22                       930                      304.66713211382114       0.2943306332162511       0.7056693667838433       2.54995015255466         -2.071663560752809
22                       940                      304.66713211382114       0.29454878657079403      0.705451213429282        1.659986816001393        -2.5145507915788463
22                       949.9999999999999        304.66713211382114       0.29579877782699093      0.7042012221730819       0.7710277205354636       -2.957205992031383
22                       960                      304.66713211382114       0.2978582666807607       0.7021417333193438       -0.11563271714894044     2.883821904145271
22                       969.9999999999999        304.66713211382114       0.30033944874571616      0.6996605512542498       -0.9990168896956766      2.4424512413153456
22                       980                      304.66713211382114       0.30272634213400246      0.6972736578658201       -1.8791195885917733      2.0018279767690093
22                       989.9999999999999        304.66713211382114       0.3046176342490097       0.6953823657509424       -2.756297300666169       1.5618712290512637
22                       1000                     304.66713211382114       0.305637643113555        0.6943623568865193       2.6516698306015964       1.122401270116081
24                       900                      304.66713211382114       0.29869372806207706      0.7013062719371466       -0.9723843756870268      -0.6962704660638869
24                       910                      304.66713211382114       0.29587865440303496      0.7041213455970528       -1.8557856707618854      -1.1373739547512873
24                       920                      304.66713211382114       0.2936597857978267       0.7063402142021223       -2.7425734732353018      -1.5792268845528887
24                       930                      304.66713211382114       0.29240373383359136      0.7075962661662302       2.6512721583308476       -2.021664711084699
24                       940                      304.66713211382114       0.29242169349484554      0.7075783065050489       1.7611128634892053       -2.4642945827976654
24                       949.9999999999999        304.66713211382114       0.2936496498165236       0.7063503501834553       0.8718031460601006       -2.906730289619957
24                       960                      304.66713211382114       0.29588938982707247      0.704110610172924        -0.015162673672998363    2.9345238387449806
24                       969.9999999999999        304.66713211382114       0.2986977826643932       0.7013022173354233       -0.8984660219287202      2.4934599786635747
24                       980                      304.66713211382114       0.3015239889514802       0.6984760110485609       -1.7779204416074024      2.0532465207859047
24                       989.9999999999999        304.66713211382114       0.30387779090991063      0.6961222090904448       -2.6538642077851864      1.6138727766926961
24                       1000                     304.66713211382114       0.30529468776998103      0.6947053122299189       2.755920222368861        1.175091925112498
25.999999999999996       900                      304.66713211382114       0.29812790363633884      0.7018720963637355       -0.8683434535385107      -0.6451678331197955
25.999999999999996       910                      304.66713211382114       0.29487886751430037      0.7051211324856611       -1.7500245910012069      -1.085591011293553
25.999999999999996       920                      304.66713211382114       0.29217029512021075      0.7078297048797925       -2.635824436854815       -1.5269157094286474
25.999999999999996       930                      304.66713211382114       0.2904747634114509       0.709525236588321        2.758382302713841        -1.9689655713333858
25.999999999999996       940                      304.66713211382114       0.2901676455153793       0.7098323544846822       1.8680554205408058       -2.411310806047207
25.999999999999996       949.9999999999999        304.66713211382114       0.29130642451389543      0.7086935754860577       0.9782857561711291       -2.8535407617247865
25.999999999999996       960                      304.66713211382114       0.2936549657699667       0.7063450342298888       0.09098656047181863      2.987953149981393
25.999999999999996       969.9999999999999        304.66713211382114       0.2967849907281886       0.7032150092719651       -0.7925066850477135      2.5471197884607046
25.999999999999996       980                      304.66713211382114       0.3000812979486494       0.6999187020513525       -1.671458406494902       2.1073548826934037
25.999999999999996       989.9999999999999        304.66713211382114       0.3029403126714811       0.6970596873286466       -2.546323285284776       1.668505377770186
25.999999999999996       1000                     304.66713211382114       0.30479837542631727      0.6952016245737469       2.8651602450872047       1.2304264250915278
28                       900                      304.66713211382114       0.29773740978379265      0.7022625902160194       -0.759404223763845       -0.5916334277766145
28                       910                      304.66713211382114       0.29401182115426855      0.7059881788455046       -1.639062116098946       -1.031273774007087
28                       920                      304.66713211382114       0.29074158437668574      0.7092584156233939       -2.5234548709420146      -1.471972001774009
28                       930                      304.66713211382114       0.28854446723128124      0.7114555327686823       2.8713944598085686       -1.9135682536297827
28                       940                      304.66713211382114       0.28785675390606313      0.7121432460938675       1.9807582276801614       -2.3556791302807287
28                       949.9999999999999        304.66713211382114       0.28879485752573447      0.71120514247423         1.0906841389201956       -2.7975959723671555
28                       960                      304.66713211382114       0.2911693674508773       0.7088306325490663       0.2028564403759148       3.0441150466568065
28                       969.9999999999999        304.66713211382114       0.2945652882445918       0.7054347117556035       -0.6810036844731222      2.6035041929310028
28                       980                      304.66713211382114       0.29831255602966766      0.7016874439703833       -1.5597530022896409      2.164098952784607
28                       989.9999999999999        304.66713211382114       0.30172688468618625      0.6982731153139121       -2.433737729292158       1.725762318340147
28                       1000                     304.66713211382114       0.3041171260096573       0.6958828739904084       2.9792971809637105       1.288338647394993
30                       900                      304.66713211382114       0.297501297150993        0.7024987028489551       -0.645781397618702       -0.5357427838801865
30                       910                      304.66713211382114       0.2933338738556256       0.706666126144281        -1.5230063154498388      -0.9745004047233056
30                       920                      304.66713211382114       0.2894962553342951       0.7105037446658576       -2.4057915375308294      -1.4145075356168064
30                       930                      304.66713211382114       0.28669871357917703      0.7133012864207408       2.9899712028374887       -1.8555475653473092
30                       940                      304.66713211382114       0.2854852529010124       0.7145147470990294       2.099723219167154        -2.2971848012875133
30                       949.9999999999999        304.66713211382114       0.2861345312752422       0.7138654687246583       1.2089476381785218       -2.7389592938559555
30                       960                      304.66713211382114       0.288462929651606        0.7115370703483365       0.32040058654218445      3.1029282879879214
30                       969.9999999999999        304.66713211382114       0.2920814229010081       0.7079185770990876       -0.5639692724903619      2.662572903757701
30                       980                      304.66713211382114       0.29623965549459613      0.7037603445055498       -1.4428849094289586      2.223442271323732
30                       989.9999999999999        304.66713211382114       0.30019702836312756      0.6998029716369741       -2.3163064815606678      1.7855442696398616
30                       1000                     304.66713211382114       0.3032267412237571       0.696773258775976        3.098201418729465        1.3488012081713177
31.999999999999996       900                      304.66713211382114       0.29743985055625405      0.7025601494437754       -0.5276449869403913      -0.47753899144455525
31.999999999999996       910                      304.66713211382114       0.2928476400248788       0.7071523599750624       -1.4021007921467572      -0.9153472325733599
31.999999999999996       920                      304.66713211382114       0.2884212306732127       0.7115787693268796       -2.2827868968350113      -1.3545294570062785
31.999999999999996       930                      304.66713211382114       0.2849530125723435       0.7150469874277156       3.1142241317214325       -1.79492799030546
31.999999999999996       940                      304.66713211382114       0.2831503561581755       0.7168496438419835       2.2242806572364824       -2.2361494480618234
31.999999999999996       949.9999999999999        304.66713211382114       0.28334338143542853      0.7166566185646257       1.333179467729792        -2.6776119725243746
31.999999999999996       960                      304.66713211382114       0.2855400402366588       0.7144599597634222       0.4438036043055725       -3.1187041692763415
31.999999999999996       969.9999999999999        304.66713211382114       0.2892670523971089       0.7107329476029586       -0.4413498381972562      2.724279371885754
31.999999999999996       980                      304.66713211382114       0.2938153981884721       0.7061846018114634       -1.320706223663164       2.28538675521913
31.999999999999996       989.9999999999999        304.66713211382114       0.2983716545129241       0.7016283454869916       -2.193792693331564       1.847923477190722
31.999999999999996       1000                     304.66713211382114       0.30205304659992505      0.6979469534000171       -3.061423715717807       1.4117283562958483
33.99999999999999        900                      304.66713211382114       0.29756217238938226      0.7024378276107134       -0.40525864651668997     -0.4170947429441511
33.99999999999999        910                      304.66713211382114       0.29258913803668635      0.707410861963194        -1.2764536611837498      -0.8537760395255007
33.99999999999999        920                      304.66713211382114       0.2875731717358202       0.7124268282642279       -2.1544998102501283      -1.2920371358553981
33.99999999999999        930                      304.66713211382114       0.2833796105372116       0.7166203894629352       -3.0390003042465414      -1.731699284587937
33.99999999999999        940                      304.66713211382114       0.2808763649647238       0.7191236350352868       2.3549653272599054       -2.1723579579378467
33.99999999999999        949.9999999999999        304.66713211382114       0.2805301328281367       0.7194698671704312       1.4636119203432438       -2.6135033200681246
33.99999999999999        960                      304.66713211382114       0.2823977314139727       0.7176022685862528       0.573410640132284        -3.0543948100962157
33.99999999999999        969.9999999999999        304.66713211382114       0.28615463690040543      0.7138453630994674       -0.3128618686006452      2.7887318328406647
33.99999999999999        980                      304.66713211382114       0.2910366739436401       0.7089633260564592       -1.1929350178970592      2.35004147770957
33.99999999999999        989.9999999999999        304.66713211382114       0.29613690399986436      0.7038630959988539       -2.066104961034581       1.912914189692359
33.99999999999999        1000                     304.66713211382114       0.3005320221245931       0.699467977875389        -2.933047625811371       1.4771985266295151
36                       900                      304.66713211382114       0.297831378044256        0.7021686219557152       -0.27855935156046774     -0.3543553415613775
36                       910                      304.66713211382114       0.2925936910551964       0.707406308944727        -1.1462044051295743      -0.7898757655558258
36                       920                      304.66713211382114       0.28700535242969255      0.7129946475701091       -2.0210874030826953      -1.2270164620205921
36                       930                      304.66713211382114       0.28206760489091515      0.7179323951091562       -2.903422110075793       -1.665822500491887
36                       940                      304.66713211382114       0.2787438365405198       0.7212561634594601       2.49167956007293         -2.105865683112621
36                       949.9999999999999        304.66713211382114       0.27767951369115224      0.7223204863089169       1.6003044893583263       -2.546598421759521
36                       960                      304.66713211382114       0.27910877454445066      0.720891225455615        0.7092206942317293       -2.9872778972929894
36                       969.9999999999999        304.66713211382114       0.28272434200017993      0.7172756579995834       -0.17818604349523678     2.8560114035891826
36                       980                      304.66713211382114       0.2878455719867307       0.7121544280132123       -1.0594134599935345      2.4174464664572914
36                       989.9999999999999        304.66713211382114       0.2934915354936513       0.7065084645069635       -1.9331258823119255      1.9805348119560073
36                       1000                     304.66713211382114       0.2985880477560561       0.7014119522438921       -2.799639892896007       1.5453065520181226
38                       900                      304.66713211382114       0.29831111144755573      0.7016888885523954       -0.14762417472843392     -0.28929620244292703
38                       910                      304.66713211382114       0.29284995407615         0.7071500459236019       -1.011269616338491       -0.7235167068726146
38                       920                      304.66713211382114       0.28673405408345914      0.7132659459167802       -1.8825425804416844      -1.1594613916989955
38                       930                      304.66713211382114       0.2810200354415213       0.7189799645584586       -2.762008821984753       -1.5972495493736418
38                       940                      304.66713211382114       0.2768162505274769       0.723183749472571        2.634628358724921        -2.0365483702513822
38                       949.9999999999999        304.66713211382114       0.2748940869272171       0.7251059130730041       1.743657682460797        -2.4767696101335344
38                       960                      304.66713211382114       0.2757090935169806       0.7242909064848274       0.8517893463111785       -2.9171884161535084
38                       969.9999999999999        304.66713211382114       0.2790342308607037       0.7209657691391117       -0.03703797684890878     2.926193710682157
38                       980                      304.66713211382114       0.2842614033786648       0.7157385966215087       -0.9196270064107431      2.4877506971491488
38                       989.9999999999999        304.66713211382114       0.29036408081883086      0.7096359191813059       -1.7942971049056318      2.051037775794842
38                       1000                     304.66713211382114       0.29620796238610114      0.7037920376139852       -2.6609752073373487      1.616109299355085
39.99999999999999        900                      304.66713211382114       0.2988772159846114       0.7011227840154859       -0.012779819735624767    -0.2219924933870025
39.99999999999999        910                      304.66713211382114       0.2933765685328719       0.7066234314670664       -0.8718728164637636      -0.6547755809825289
39.99999999999999        920                      304.66713211382114       0.2868454649554495       0.7131545350446125       -1.7391037534211513      -1.0894214920221228
39.99999999999999        930                      304.66713211382114       0.2803634465071789       0.7196365534930037       -2.6151550890475015      -1.5260153130344096
39.99999999999999        940                      304.66713211382114       0.27519297038491647      0.7248070296155072       2.7837808229883456       -1.9644092533019308
39.99999999999999        949.9999999999999        304.66713211382114       0.2723103229717509       0.7276896770281399       1.8936576839972654       -2.404012084077305
39.99999999999999        960                      304.66713211382114       0.2722684271243126       0.7277315728756344       1.0013906611833017       -2.8440894165024
39.99999999999999        969.9999999999999        304.66713211382114       0.2750992343089468       0.7249007656908871       0.11113082344444317      2.99947124053655
39.99999999999999        980                      304.66713211382114       0.28026825364388935      0.7197317463559263       -0.7732736386920711      2.5610461658145685
39.99999999999999        989.9999999999999        304.66713211382114       0.2867443507452787       0.7132556492546348       -1.6494362467018528      2.124398673370282
39.99999999999999        1000                     304.66713211382114       0.2933052464604148       0.7066947535397207       -2.516747840705522       1.6897220782917874
42                       900                      304.66713211382114       0.2995457637069852       0.7004542362931022       0.1262838163755866       -0.15228660563820753
42                       910                      304.66713211382114       0.29415719738201535      0.7058428026179004       -0.7282927316929071      -0.5836425891288731
42                       920                      304.66713211382114       0.2872919450046383       0.7127080549955586       -1.5907429913893694      -1.0167964285627622
42                       930                      304.66713211382114       0.28012533125393924      0.7198746687461958       -2.4626825737420535      -1.452084953978184
42                       940                      304.66713211382114       0.27396273822181727      0.7260372617781647       2.9392827894279328       -1.889370940182426
42                       949.9999999999999        304.66713211382114       0.2699508428814716       0.7300491571186227       2.050642095465116        -2.3282146277319105
42                       960                      304.66713211382114       0.2688895688116211       0.73111043118831         1.1582497497680764       -2.767838203660148
42                       969.9999999999999        304.66713211382114       0.27102334851691523      0.728976651482929        0.2666677284578953       3.0758885053006426
42                       980                      304.66713211382114       0.2759087519761525       0.7240912480238301       -0.6197355255228099      2.6375247923055647
42                       989.9999999999999        304.66713211382114       0.2825865386024579       0.7174134613975655       -1.4979561793692793      2.200851739978449
42                       1000                     304.66713211382114       0.2898175470243539       0.7101824529755749       -2.3664037487084117      1.7663507434978174
44                       900                      304.66713211382114       0.3002451397635983       0.6997548602367168       0.2692052582424567       -0.08025302782871774
44                       910                      304.66713211382114       0.29514940816200724      0.7048505918377113       -0.5803350967964054      -0.5099926481316409
44                       920                      304.66713211382114       0.2881589261906144       0.711841073809401        -1.4376793320574077      -0.9415830679128637
44                       930                      304.66713211382114       0.2803965637514996       0.719603436248132        -2.3046951350120137      -1.3753408476085636
44                       940                      304.66713211382114       0.2732015594930675       0.7267984405071094       3.1010880300440236       -1.8113654350305897
44                       949.9999999999999        304.66713211382114       0.26798276921808056      0.7320172307815364       2.214774625504444        -2.249240708332984
44                       960                      304.66713211382114       0.2657197413989023       0.7342802586010415       1.3228608383971094       -2.688283649153195
44                       969.9999999999999        304.66713211382114       0.26688834348817075      0.7331116565118542       0.43013047811657656      -3.1274681581220425
44                       980                      304.66713211382114       0.2712335250940083       0.7287664749058145       -0.4584247301542863      2.717381159273865
44                       989.9999999999999        304.66713211382114       0.27792437821677113      0.7220756217832389       -1.3389980002322772      2.280689480941136
44                       1000                     304.66713211382114       0.2856618260933525       0.7143381739064842       -2.2094942362766314      1.846117670952573
45.99999999999999        900                      304.66713211382114       0.3008569038809356       0.6991430961191387       0.41620831057330027      -0.005700230341295806
45.99999999999999        910                      304.66713211382114       0.29630087817807405      0.703699121821735        -0.4282193996729693      -0.43384311969596334
45.99999999999999        920                      304.66713211382114       0.2893667292328201       0.7106332707665994       -1.2798929672738626      -0.8636962555935582
45.99999999999999        930                      304.66713211382114       0.28113686905004         0.7188631309499066       -2.1414867011960625      -1.2958069553074407
45.99999999999999        940                      304.66713211382114       0.2730290663920268       0.7269709336081416       -3.0141129811184815      -1.730332676242568
45.99999999999999        949.9999999999999        304.66713211382114       0.2665235790776508       0.7334764209220752       2.3860868712984113       -2.167027891619412
45.99999999999999        960                      304.66713211382114       0.26285177664655957      0.7371482233534699       1.495487138816869        -2.6052984359572453
45.99999999999999        969.9999999999999        304.66713211382114       0.26279621419538496      0.737203785804781        0.6021358454852909       -3.0440847881988935
45.99999999999999        980                      304.66713211382114       0.2663154159136677       0.7336845840865636       -0.2886201058624614      2.8008116556840466
45.99999999999999        989.9999999999999        304.66713211382114       0.27277296717820715      0.727227032822091        -1.1720147624842403      2.3640006672071268
45.99999999999999        1000                     304.66713211382114       0.2808590300470461       0.7191409699530089       -2.0450757566722464      1.9293967861241923
48                       900                      304.66713211382114       0.30129189986838795      0.6987081001354546       0.5673328378555071       0.07140357127690214
48                       910                      304.66713211382114       0.29750621144426537      0.7024937885557277       -0.2719191933669837      -0.3550958216748758
48                       920                      304.66713211382114       0.29088735512845465      0.7091126448724221       -1.1177345217541195      -0.7831536929752478
48                       930                      304.66713211382114       0.28241072339258216      0.717589276607573        -1.9731353615037566      -1.2134218414543176
48                       940                      304.66713211382114       0.27348314854840095      0.7265168514516455       -2.8399871700633783      -1.6462395699928465
48                       949.9999999999999        304.66713211382114       0.2657114383617381       0.734288561637855        2.5643929566293737       -2.081578145744794
48                       960                      304.66713211382114       0.26049572577205105      0.7395042742263694       1.676285732346795        -2.5187757733836516
48                       969.9999999999999        304.66713211382114       0.25894821545563823      0.7410517845442194       0.7829494193149265       -2.9570428195698217
48                       980                      304.66713211382114       0.2613484333376295       0.7386515666625141       -0.1097955971368355      2.8880071391541775
48                       989.9999999999999        304.66713211382114       0.26720337472963623      0.7327966252703676       -0.9962508903104023      2.4511044429946938
48                       1000                     304.66713211382114       0.27535600365439505      0.7246439963463907       -1.8725468134464096      2.0162897414600742
50                       900                      304.66713211382114       0.3013863215855828       0.6986136784143996       0.723123692726859        0.15135430559849747
50                       910                      304.66713211382114       0.29868243388504384      0.701317566115009        -0.1111744889025171      -0.2735097462628615
50                       920                      304.66713211382114       0.2926510825071717       0.7073489174929595       -0.9507412483737079      -0.6996599857123712
50                       930                      304.66713211382114       0.28420350117174836      0.715796498827992        -1.7995262632648654      -1.1279690294778484
50                       940                      304.66713211382114       0.2746501678507801       0.7253498321491253       -2.6597824470604294      -1.5588510773154123
50                       949.9999999999999        304.66713211382114       0.2656582064559665       0.7343417935439654       2.7502505566042545       -1.9925017659479318
50                       960                      304.66713211382114       0.2588219363271682       0.7411780636727726       1.8657315167692543       -2.4284594585764077
50                       969.9999999999999        304.66713211382114       0.25553225085772324      0.7444677491420959       0.973444407011716        -2.8659461946790943
50                       980                      304.66713211382114       0.2564080440671123       0.7435919559327258       0.07942794599233545      2.9794571102434926
50                       989.9999999999999        304.66713211382114       0.26131259492897263      0.7386874050710822       -0.8102572584599909      2.54247207124669
50                       1000                     304.66713211382114       0.2692296097953277       0.7307703902046347       -1.6903597171914413      2.107393578547415
51.99999999999999        900                      304.66713211382114       0.30098722639021835      0.6990127736098132       0.8831450481491213       0.23400121217399414
51.99999999999999        910                      304.66713211382114       0.29963590001292184      0.7003640999869998       0.05354149767460853      -0.18930574667446753
51.99999999999999        920                      304.66713211382114       0.2945218423629134       0.7054781576372959       -0.7799846839630795      -0.613558070687714
51.99999999999999        930                      304.66713211382114       0.28641755313239503      0.7135824468676334       -1.6215206176224728      -1.03972421357564
51.99999999999999        940                      304.66713211382114       0.27651977944771255      0.7234802205524773       -2.4744460485221484      -1.4685005717203652
51.99999999999999        949.9999999999999        304.66713211382114       0.2664588927773662       0.7335411072224687       2.9424733459919583       -1.9001587734868113
51.99999999999999        960                      304.66713211382114       0.25799481723263207      0.742005182767311        2.062906191390228        -2.334582082892945
51.99999999999999        969.9999999999999        304.66713211382114       0.2527870513747979       0.7472129486248736       1.1732108028696557       -2.7709796581098702
51.99999999999999        980                      304.66713211382114       0.2518023980503499       0.74819760194975         0.27863324264356615      3.074888280207413
51.99999999999999        989.9999999999999        304.66713211382114       0.25533127447220194      0.7446687255278155       -0.6139046708964323      2.637970421829112
51.99999999999999        1000                     304.66713211382114       0.26258042804250226      0.7374195719578153       -1.4982182702299114      2.202629033608679
53.99999999999999        900                      304.66713211382114       0.2998871252489638       0.7001128747509536       1.047962871103651        0.3196352106343939
53.99999999999999        910                      304.66713211382114       0.3001758855819261       0.6998241144179048       0.22255282636716792      -0.10222721858539158
53.99999999999999        920                      304.66713211382114       0.29632933748085455      0.7036706625189989       -0.604890127733576       -0.5245535132284558
53.99999999999999        930                      304.66713211382114       0.2889358135643972       0.7110641864356413       -1.4391393744398826      -0.9485421162414747
53.99999999999999        940                      304.66713211382114       0.2790362258247144       0.7209637741755051       -2.2839743107254993      -1.374986676688141
53.99999999999999        949.9999999999999        304.66713211382114       0.2681945495230342       0.7318054504768957       3.140781946306934        -1.8044530771914107
53.99999999999999        960                      304.66713211382114       0.2581968838134505       0.741803116186625        2.2679247438985533       -2.2369351944209948
53.99999999999999        969.9999999999999        304.66713211382114       0.25093674240923436      0.7490632575906815       1.3823247484746841       -2.6719318225320934
53.99999999999999        980                      304.66713211382114       0.2478147223584161       0.7521852776418118       0.48873644592012094      -3.1084370066845053
53.99999999999999        989.9999999999999        304.66713211382114       0.2494694786979997       0.7505305213020544       -0.4059701623413204      2.738026484893937
53.99999999999999        1000                     304.66713211382114       0.2555763077689846       0.744423692230901        -1.294677071093766       2.302468880456075
56                       900                      304.66713211382114       0.297897203448012        0.7021027965521036       1.2181631230525696       0.4084855654964918
56                       910                      304.66713211382114       0.30006919107088825      0.6999308089291348       0.3962119406523883       -0.012062785629967312
56                       920                      304.66713211382114       0.29788437437427456      0.7021156256256151       -0.42570407544333994     -0.432593231737453
56                       930                      304.66713211382114       0.2916096387505932       0.7083903612494757       -1.2526146766447543      -0.8543494869115978
56                       940                      304.66713211382114       0.28213034557688654      0.7178696544230585       -2.0889823545072543      -1.2783612320532232
56                       949.9999999999999        304.66713211382114       0.2708517411517539       0.7291482588484187       -2.9384086125290274      -1.7053151831790723
56                       960                      304.66713211382114       0.2595474475804762       0.7404525524196055       2.4801494173717327       -2.1355489419487976
56                       969.9999999999999        304.66713211382114       0.25027331448996853      0.7497266855108435       1.6006143362479004       -2.5687491244906
56                       980                      304.66713211382114       0.24474630040143563      0.7552536995986061       0.7098587909340164       -3.004061744184503
56                       989.9999999999999        304.66713211382114       0.24410253503473803      0.7558974649652811       -0.18576040257326648     2.842922316708673
56                       1000                     304.66713211382114       0.24845248189662988      0.7515475181032715       -1.078380409113044       2.4072755883779013
57.99999999999999        900                      304.66713211382114       0.29474471244266687      0.7052552875573221       1.3945611613158828       0.5009324063920185
57.99999999999999        910                      304.66713211382114       0.2990876611963291       0.7009123388036079       0.5750804586157225       0.0814388986363084
57.99999999999999        920                      304.66713211382114       0.29888752980183525      0.7011124701983151       -0.24203313564201287     -0.3374572107404404
57.99999999999999        930                      304.66713211382114       0.29419788010826836      0.7058021198917122       -1.061910189089127       -0.7570258836931779
57.99999999999999        940                      304.66713211382114       0.2856121828031768       0.7143878171967225       -1.889596594382719       -1.1785008374834374
57.99999999999999        949.9999999999999        304.66713211382114       0.27437150663804377      0.725628493361895        -2.729310074961686       -1.602766150511133
57.99999999999999        960                      304.66713211382114       0.2621413058237606       0.7378586941762826       2.698936480971241        -2.0303516081318933
57.99999999999999        969.9999999999999        304.66713211382114       0.250971453590864        0.74902854640914         1.827614994221547        -2.461329890979898
57.99999999999999        980                      304.66713211382114       0.24296193511769842      0.7570380648823781       0.941914898238458        -2.8950394503181776
57.99999999999999        989.9999999999999        304.66713211382114       0.23960315332875098      0.7603968466712738       0.04729432001905865      2.9528252959559933
57.99999999999999        1000                     304.66713211382114       0.24162966547433942      0.7583703345255133       -0.8483416168960692      2.517324357733187
60                       900                      304.66713211382114       0.2902197867835982       0.7097802132166148       1.5779822093945584       0.5972495136380442
60                       910                      304.66713211382114       0.29688337469695064      0.7031166253029997       0.7597192512389148       0.17850499200914838
60                       920                      304.66713211382114       0.2990349859855618       0.7009650140142952       -0.05352523458194803     -0.23894774809866048
60                       930                      304.66713211382114       0.2963499338870156       0.7036500661130344       -0.8671564600243313      -0.656503695009153
60                       940                      304.66713211382114       0.2892427974710141       0.7107572025289425       -1.6862508534275735      -1.0754114642214445
60                       949.9999999999999        304.66713211382114       0.2785846772155222       0.7214153227846013       -2.5157708676544406      -1.4968006151543853
60                       960                      304.66713211382114       0.26593554514699896      0.7340644548530624       2.9231620467474095       -1.9215547927404415
60                       969.9999999999999        304.66713211382114       0.2532277579027804       0.7467722420969597       2.0620531094482395       -2.349840006986379
60                       980                      304.66713211382114       0.24275288239381654      0.7572471176061215       1.1840892177476938       -2.7813874964622225
60                       989.9999999999999        304.66713211382114       0.2364467586068834       0.7635532413930229       0.293145340409719        3.0678650511512755
60                       1000                     304.66713211382114       0.2355533754600719       0.7644466245400554       -0.6036761938604926      2.6328952097574168
61.99999999999999        900                      304.66713211382114       0.2840720169471397       0.7159279830529005       1.7696888887905942       0.6978770828648405
61.99999999999999        910                      304.66713211382114       0.29319344377003753      0.7068065562298674       0.9510617901505816       0.27956968710070224
61.99999999999999        920                      304.66713211382114       0.29794167255076437      0.70205832744907         0.14029838743149317      -0.1368190973598681
61.99999999999999        930                      304.66713211382114       0.29776079765326974      0.702239202346743        -0.6679594270545085      -0.5525559670544622
61.99999999999999        940                      304.66713211382114       0.29261586125850325      0.7073841387415188       -1.4791454762660148      -0.9690295384695333
61.99999999999999        949.9999999999999        304.66713211382114       0.28321481190201864      0.7167851880954801       -2.29846402405333        -1.3874944409105936
61.99999999999999        960                      304.66713211382114       0.2707680848860634       0.7292319151140285       -3.1310737813556657      -1.8090648561494516
61.99999999999999        969.9999999999999        304.66713211382114       0.257085259166471        0.7429147408335821       2.302822368882033        -2.2342888879629625
61.99999999999999        980                      304.66713211382114       0.2444412650608365       0.7555587349390389       1.4352480714523193       -2.663167465077758
61.99999999999999        989.9999999999999        304.66713211382114       0.23507846960096265      0.764921530399264        0.5511200848758946       -3.0951324172937267
61.99999999999999        1000                     304.66713211382114       0.23082787603789634      0.7691721239618847       -0.3439801646847878      2.7541675134395143
63.99999999999999        900                      304.66713211382114       0.27608751702651035      0.7239124829730548       1.9714082421554637       0.8033689853064153
63.99999999999999        910                      304.66713211382114       0.2876421501218378       0.7123578498781458       1.1504672558047497       0.385056842932996
63.99999999999999        920                      304.66713211382114       0.29522013371930594      0.7047798662807384       0.34042156667564477      -0.03065747754589915
63.99999999999999        930                      304.66713211382114       0.29790210493554753      0.702097895064143        -0.46387464479183144     -0.44491809196233445
63.99999999999999        940                      304.66713211382114       0.29534314338578155      0.7046568566143964       -1.267989769460958       -0.8591422491875873
63.99999999999999        949.9999999999999        304.66713211382114       0.28787397242968554      0.7121260275704211       -2.077801943877311       -1.2747868768688324
63.99999999999999        960                      304.66713211382114       0.27636917609611167      0.7236308239038501       -2.8984073932965453      -1.6930484132163548
63.99999999999999        969.9999999999999        304.66713211382114       0.26243193583554575      0.7375680641645348       2.548621008950161        -2.1148198906726923
63.99999999999999        980                      304.66713211382114       0.248153003898224        0.7518469961016793       1.6938004672593352       -2.540479537677403
63.99999999999999        989.9999999999999        304.66713211382114       0.23594838191359413      0.7640516180863418       0.819924309294366        -2.9698245256898304
63.99999999999999        1000                     304.66713211382114       0.22808737462560494      0.7719126253744829       -0.06969966092395394     2.88123029819058
66                       900                      304.66713211382114       0.2661619399781385       0.7338380600217952       2.1851750468082267       0.9143681271782903
66                       910                      304.66713211382114       0.27997914066330226      0.7200208593368623       1.359659070194336        0.4955739153957259
66                       920                      304.66713211382114       0.2904774530760918       0.709522546923834        0.5484423824021953       0.0801008359725935
66                       930                      304.66713211382114       0.29633994421393417      0.7036600557859718       -0.2537487501973037      -0.333132246387975
66                       940                      304.66713211382114       0.2968454995991875       0.7031545004007015       -1.0524901529200226      -0.7454951740782271
66                       949.9999999999999        304.66713211382114       0.29197830805489944      0.7080216919452073       -1.853556642761526       -1.1584655569031692
66                       960                      304.66713211382114       0.28230087717966484      0.7176991228202415       -2.6625774440197225      -1.5733907850393383
66                       969.9999999999999        304.66713211382114       0.2689448872503374       0.731055112749605        2.7981748619231293       -1.9914984127544675
66                       980                      304.66713211382114       0.25384978782862466      0.7461502121714216       1.9579495799661846       -2.4134848637311856
66                       989.9999999999999        304.66713211382114       0.23932767251446893      0.760672327485466        1.0974442149645902       -2.839575704198448
66                       1000                     304.66713211382114       0.22793055919516572      0.7720694408049578       0.21761320754998273      3.0140138822705014
67.99999999999999        900                      304.66713211382114       0.25434237094926576      0.7456576290506934       2.4135134757854524       1.0314518233692627
67.99999999999999        910                      304.66713211382114       0.2700054678841675       0.7299945321157266       1.5808509179615273       0.6117382234214489
67.99999999999999        920                      304.66713211382114       0.28330449889344095      0.716695501105964        0.7657454986796203       0.195926000983343
67.99999999999999        930                      304.66713211382114       0.29251401227116225      0.7074859877287829       -0.03663929580997724     -0.21685445484308596
67.99999999999999        940                      304.66713211382114       0.29655415993626805      0.7034458400636713       -0.8317909416033776      -0.6277915258972291
67.99999999999999        949.9999999999999        304.66713211382114       0.2949480889260948       0.7050519110740159       -1.6256139605632478      -1.0383998340876857
67.99999999999999        960                      304.66713211382114       0.2878738625671052       0.7121261374328235       -2.42427010105337        -1.4502610028518026
67.99999999999999        969.9999999999999        304.66713211382114       0.27612651130568006      0.7238734886940973       3.050035960102561        -1.8646093021420556
67.99999999999999        980                      304.66713211382114       0.26119558950334576      0.7388044104965006       2.225474450343743        -2.2825546138954533
67.99999999999999        989.9999999999999        304.66713211382114       0.24522099129310002      0.7547790087064744       1.381090031462554        -2.7047187812093485
67.99999999999999        1000                     304.66713211382114       0.23077053347839263      0.7692294665216272       0.5151352234577363       -3.131021944515354
70                       900                      304.66713211382114       0.24087109796950343      0.7591289020305274       2.6597859680300395       1.1554634230319762
70                       910                      304.66713211382114       0.2576031716095169       0.7423968283904565       1.8170415181131283       0.7343897041765025
70                       920                      304.66713211382114       0.2733897525684834       0.7266102474313841       0.9951403167584958       0.3176908094600024
70                       930                      304.66713211382114       0.28595995694406234      0.714040043056063        0.18975187761856724      -0.0952413595352167
70                       940                      304.66713211382114       0.2938170063338599       0.7061829936660594       -0.6043684315863838      -0.5054113006996208
70                       949.9999999999999        304.66713211382114       0.2960129854635078       0.7039870145363657       -1.3933728348716177      -0.9142816567118158
70                       960                      304.66713211382114       0.29236024627146223      0.7076397537288184       -2.182954404740252       -1.323296560264513
70                       969.9999999999999        304.66713211382114       0.28320905866239554      0.7167909413375814       -2.979304304181563       -1.7340464769917079
70                       980                      304.66713211382114       0.26963637669151846      0.7303636233083011       2.49486940709661         -2.1478330369272634
70                       989.9999999999999        304.66713211382114       0.2533875884597456       0.7466124115402863       1.6679992900604095       -2.565646202296789
70                       1000                     304.66713211382114       0.23678476655410152      0.7632152334459777       0.8195723217208539       -2.987831137449133
72                       900                      304.66713211382114       0.226295530594995        0.7737044694049282       2.9275129825490187       1.2871627091699769
72                       910                      304.66713211382114       0.2430474030985902       0.7569525969013915       2.071850225170255        0.8644351386819179
72                       920                      304.66713211382114       0.26056358087023346      0.7394364191301448       1.239763979444971        0.44628397202376935
72                       930                      304.66713211382114       0.27619699091128086      0.7238030090884942       0.4280824617708975       0.03250659671026351
72                       940                      304.66713211382114       0.28793415837874153      0.7120658416210522       -0.3682060257444823      -0.3776364068915251
72                       949.9999999999999        304.66713211382114       0.29439192456380275      0.7056080754361352       -1.1548869413251655      -0.7853882415222053
72                       960                      304.66713211382114       0.29484579454149723      0.7051542054585068       -1.9380871155102903      -1.192245587916171
72                       969.9999999999999        304.66713211382114       0.2892903551231242       0.7107096448767459       -2.723755770901647       -1.5997466203993633
72                       980                      304.66713211382114       0.27829186523291344      0.7217081347671317       2.7650507930130424       -2.009425489306501
72                       989.9999999999999        304.66713211382114       0.26312212891811565      0.7368778710818416       1.9561144155497416       -2.4225675274755094
72                       1000                     304.66713211382114       0.2457048114911484       0.7542951885088386       1.1274117867035387       -2.8400228079990057
73.99999999999999        900                      304.66713211382114       0.21157692497177072      0.7884230750283848       -3.0622339926129185      1.4272551397600919
73.99999999999999        910                      304.66713211382114       0.22680767730223714      0.7731923226975819       2.349986570287501        1.0028005905055424
73.99999999999999        920                      304.66713211382114       0.24489548187796067      0.7551045181219798       1.5039619161602773       0.582752252837196
73.99999999999999        930                      304.66713211382114       0.2629429003311455       0.7370570996690764       0.6819376208336729       0.16745704305334672
73.99999999999999        940                      304.66713211382114       0.27834636980412564      0.7216536301960496       -0.12028180220394194     -0.24348875133284414
73.99999999999999        949.9999999999999        304.66713211382114       0.28923710854963375      0.7107628914503993       -0.9081217819227155      -0.6509766097943624
73.99999999999999        960                      304.66713211382114       0.29438730017602377      0.7056126998233352       -1.687817217602791       -1.0563796598886623
73.99999999999999        969.9999999999999        304.66713211382114       0.2932678080084615       0.7067321919915229       -2.465476584516556       -1.461278113251893
73.99999999999999        980                      304.66713211382114       0.2860358036788412       0.7139641963212138       3.035906060276492        -1.8672169512559693
73.99999999999999        989.9999999999999        304.66713211382114       0.27340807446060783      0.7265919255393628       2.2438188061134747       -2.275769745599116
73.99999999999999        1000                     304.66713211382114       0.2568177058699487       0.7431822941298972       1.4352237773395502       -2.6881683886668273
76                       900                      304.66713211382114       0.1981776374219978       0.8018223625778693       -2.739921059844009       1.5762729972931087
76                       910                      304.66713211382114       0.21001241110397098      0.7899875888960122       2.6562927381758112       1.1504149315393237
76                       920                      304.66713211382114       0.22704453573802563      0.7729554642620796       1.7931136958338834       0.7282907200205727
76                       930                      304.66713211382114       0.24624813869892698      0.753751861300976        0.9564120018579674       0.31087568187900244
76                       940                      304.66713211382114       0.2646834923117756       0.7353165076880768       0.14383291391948982      -0.1016569571462
76                       949.9999999999999        304.66713211382114       0.27984201251438157      0.7201579874858514       -0.6495477906503865      -0.5098645450429135
76                       960                      304.66713211382114       0.2899520499276725       0.7100479500722746       -1.4296825414755874      -0.9148472671223923
76                       969.9999999999999        304.66713211382114       0.2939851674584808       0.7060148325414217       -2.2025961858444085      -1.317956053440221
76                       980                      304.66713211382114       0.29155450955459516      0.708445490445356        -2.974797127901981       -1.7208522217723867
76                       989.9999999999999        304.66713211382114       0.28283974422255626      0.7171602557775354       2.530660900514822        -2.125229742373013
76                       1000                     304.66713211382114       0.26877227264903053      0.7312277273510573       1.741254130628794        -2.5324778870096414
78                       900                      304.66713211382114       0.18796770980969502      0.8120322901909591       -2.3869210400669605      1.7344698134944727
78                       910                      304.66713211382114       0.19434425704738753      0.8056557429525614       2.9956957029778066       1.3078959589390915
78                       920                      304.66713211382114       0.20810602754012475      0.7918939724598846       2.1135649288966296       0.8839436264150816
78                       930                      304.66713211382114       0.2266540326641964       0.7733459673357524       1.2577388218169847       0.46409666906055624
78                       940                      304.66713211382114       0.24679249556654645      0.7532075044332708       0.42937993275003605      0.04916459205255209
78                       949.9999999999999        304.66713211382114       0.2656023176058526       0.7343976823942684       -0.3745827910897353      -0.3607180425542518
78                       960                      304.66713211382114       0.2806013334522955       0.7193986665473042       -1.1598289085953413      -0.7663480821814996
78                       969.9999999999999        304.66713211382114       0.29015527589783935      0.7098447241021046       -1.932560408171384       -1.1688565987772959
78                       980                      304.66713211382114       0.2933251337574498       0.7066748662425595       -2.698990952727749       -1.5697016687742822
78                       989.9999999999999        304.66713211382114       0.2898185360164513       0.7101814639837111       2.8176427141613125       -1.9705880857915778
78                       1000                     304.66713211382114       0.27996414130634356      0.7200358586938153       2.044475220254031        -2.3731906320622866
79.99999999999999        900                      304.66713211382114       0.18301982219828727      0.8169801778017411       -2.0059769341921876      1.9016216027451711
79.99999999999999        910                      304.66713211382114       0.18212081126585525      0.8178791887340334       -2.9123544689715244      1.4756316101102298
79.99999999999999        920                      304.66713211382114       0.19014869651100533      0.8098513034889228       2.471483567228785        1.050540374443067
79.99999999999999        930                      304.66713211382114       0.2055190867069569       0.7944809132930974       1.5935881247550399       0.6283980564700319
79.99999999999999        940                      304.66713211382114       0.22533751402645988      0.7746624859735173       0.7442407898491117       0.21072763717783752
79.99999999999999        949.9999999999999        304.66713211382114       0.24638160198742226      0.7536183980127464       -0.07649682245221671     -0.20179015035186615
79.99999999999999        960                      304.66713211382114       0.26558797613600915      0.7344120238637483       -0.8729074161881262      -0.6092934989378272
79.99999999999999        969.9999999999999        304.66713211382114       0.28062863682242095      0.7193713631776443       -1.6505912207948619      -1.0124089745963056
79.99999999999999        980                      304.66713211382114       0.28988757296250434      0.7101124270372121       -2.4163496556990407      -1.4125300034431305
79.99999999999999        989.9999999999999        304.66713211382114       0.29256827551379944      0.7074317244861295       3.1067624114737686       -1.8111233214176177
79.99999999999999        1000                     304.66713211382114       0.2883417144773108       0.7116582855228092       2.346067136753234        -2.2099005599819055
82                       900                      304.66713211382114       0.18511278924495717      0.8148872107550331       -1.6050511925601558      2.076973562998803
82                       910                      304.66713211382114       0.1759556125988641       0.8240443874008087       -2.503977425978789       1.653326148135386
82                       920                      304.66713211382114       0.1760104135844383       0.823989586415352        2.871116651340117        1.2285545836828677
82                       930                      304.66713211382114       0.18526419182526413      0.8147358081747164       1.9724902798116577       0.8049651454368254
82                       940                      304.66713211382114       0.20187504445381887      0.79812495554618         1.0979548194130127       0.3846320408142134
82                       949.9999999999999        304.66713211382114       0.22283425029490106      0.7771657497049916       0.25378289688812516      -0.03109609026030339
82                       960                      304.66713211382114       0.24471643740463148      0.7552835625953926       -0.5608109864108576      -0.44150353396496367
82                       969.9999999999999        304.66713211382114       0.26451253662004104      0.7354874633799652       -1.3503505958678321      -0.8466583127733313
82                       980                      304.66713211382114       0.27987607162920364      0.7201239283706817       -2.1213708668924656      -1.2474757893133792
82                       989.9999999999999        304.66713211382114       0.2892425940358756       0.7107574059641524       -2.8806099677220898      -1.6453047978153632
82                       1000                     304.66713211382114       0.29176222613398395      0.7082377738657148       2.6490761718157207       -2.041598417988406
84                       900                      304.66713211382114       0.19504667424664063      0.8049533257538366       -1.1975564419724851      2.2590400360608154
84                       910                      304.66713211382114       0.17813148841670987      0.8218685115831555       -2.0732342564854243      1.8398327549333044
84                       920                      304.66713211382114       0.16897637308328847      0.8310236269161884       -2.973969000468541       1.4174692929507637
84                       930                      304.66713211382114       0.1694281458870656       0.8305718541137993       2.3993211481089243       0.9940602719988644
84                       940                      304.66713211382114       0.17938714966804398      0.8206128503318855       1.500428052903744        0.5719220025149335
84                       949.9999999999999        304.66713211382114       0.19689968807883182      0.8031003119212112       0.6274929158932926       0.15310446035654773
84                       960                      304.66713211382114       0.21878835089230456      0.7812116491076642       -0.21312098497020454     -0.26086633747918136
84                       969.9999999999999        304.66713211382114       0.24160381063040776      0.7583961893695574       -1.0227337074459735      -0.669311031001152
84                       980                      304.66713211382114       0.2621961591035604       0.7378038408964753       -1.8068875701968077      -1.0724673987466742
84                       989.9999999999999        304.66713211382114       0.2782298727885448       0.7217701272112755       -2.572017547864682       -1.4711780005398503
84                       1000                     304.66713211382114       0.28811194094512044      0.7118880590549828       2.9584531291587406       -1.8666753246562142
85.99999999999999        900                      304.66713211382114       0.21215608389120802      0.7878439161084889       -0.7963890501038091      2.4462407353340243
85.99999999999999        910                      304.66713211382114       0.18956676727877766      0.8104332327211028       -1.6365264988203687      2.033617200278172
85.99999999999999        920                      304.66713211382114       0.17180879605456983      0.8281912039454824       -2.5108427414035646      1.616056468568619
85.99999999999999        930                      304.66713211382114       0.16206197992965254      0.8379380200704218       2.870853381239755        1.1951912723792495
85.99999999999999        940                      304.66713211382114       0.1622030766028968       0.8377969233969756       1.9587806547377546       0.7731166600183227
85.99999999999999        949.9999999999999        304.66713211382114       0.17226190685607184      0.827738093143941        1.057932488374646        0.35233802548963983
85.99999999999999        960                      304.66713211382114       0.19022982562750732      0.8097701743724461       0.18467337749451532      -0.06505431599026369
85.99999999999999        969.9999999999999        304.66713211382114       0.2128920652154623       0.7871079347844712       -0.6545110406290985      -0.4775705571509969
85.99999999999999        980                      304.66713211382114       0.23667387209975133      0.763326127900319        -1.4612761265848222      -0.8844407013550479
85.99999999999999        989.9999999999999        304.66713211382114       0.2583468345286234       0.741653165471789        -2.241238978577452       -1.2858415901831637
85.99999999999999        1000                     304.66713211382114       0.27547042625536905      0.7245295737446055       -3.0014064493692687      -1.6826267346421808
88                       900                      304.66713211382114       0.2339843023699454       0.7660156976300492       -0.41078884883938477     2.636925940952386
88                       910                      304.66713211382114       0.2093062870761938       0.7906937129235724       -1.2112545747012935      2.232316436421177
88                       920                      304.66713211382114       0.1855709550286215       0.8144290449712278       -2.0451902615294153      1.82194808657523
88                       930                      304.66713211382114       0.16645037228281415      0.8335496277168543       -2.9152296870648633      1.4065054574495792
88                       940                      304.66713211382114       0.15530072575900197      0.8446992742409366       2.467337394135339        0.9874016563780839
88                       949.9999999999999        304.66713211382114       0.15432954740873106      0.8456704525914328       1.5531945065354344       0.5669196478651364
88                       960                      304.66713211382114       0.16369693925325085      0.8363030607466146       0.6485469308064568       0.1474073919762493
88                       969.9999999999999        304.66713211382114       0.18157899866045063      0.8184210013394543       -0.22799245661088366     -0.26889638141128963
88                       980                      304.66713211382114       0.20477159097520498      0.7952284090247663       -1.068560738493438       -0.6802546669697765
88                       989.9999999999999        304.66713211382114       0.22954384790825053      0.7704561520918222       -1.8747653060556544      -1.0859584647882616
88                       1000                     304.66713211382114       0.25258803689205944      0.7474119631082125       -2.652404183679832       -1.4859618978765599
90                       900                      304.66713211382114       0.25665014786865714      0.7433498521316068       -0.0435235426912734      2.8301775297182656
90                       910                      304.66713211382114       0.23398788925144395      0.7660121107485307       -0.8068082394388487      2.434232552468407
90                       920                      304.66713211382114       0.2085513990820389       0.7914486009179941       -1.5971774531913845      2.032584110160693
90                       930                      304.66713211382114       0.1834692151718074       0.8165307848291197       -2.421248754053693       1.625101828943817
90                       940                      304.66713211382114       0.1624376623180983       0.8375623376818043       2.9998541460976895       1.2122704099909711
90                       949.9999999999999        304.66713211382114       0.14911995859533025      0.850880041404589        2.102942434459883        0.7953721626655528
90                       960                      304.66713211382114       0.14599186977632245      0.8540081302237934       1.18695457363417         0.3765632513643465
90                       969.9999999999999        304.66713211382114       0.1537042420811824       0.846295757919009        0.27643555986443674      -0.04172968158569698
90                       980                      304.66713211382114       0.17074975444740612      0.8292502455524655       -0.6066566532563696      -0.45709381928417936
90                       989.9999999999999        304.66713211382114       0.19400253622833027      0.8059974637716778       -1.452237058774269       -0.867778199397945
90                       1000                     304.66713211382114       0.21969470660183063      0.7803052933984495       -2.26094169174746        -1.2726983303325459
91.99999999999999        900                      304.66713211382114       0.27553877654251024      0.7244612234575247       0.30758510401309547      3.025966733666962
91.99999999999999        910                      304.66713211382114       0.2587432576615498       0.7412567423384221       -0.4258205351371984      2.6380500617212994
91.99999999999999        920                      304.66713211382114       0.23632151797286258      0.76367848202735         -1.1770367746565746      2.24573283485064
91.99999999999999        930                      304.66713211382114       0.21037320061473122      0.7896267993853661       -1.9539334524209322      1.8478173897890862
91.99999999999999        940                      304.66713211382114       0.18387483916017233      0.816125160840209        -2.763870176820328       1.4439563672869793
91.99999999999999        949.9999999999999        304.66713211382114       0.16052951511909677      0.8394704848812459       2.669952292866815        1.0343891765813458
91.99999999999999        960                      304.66713211382114       0.1441610859251657       0.8558389140802589       1.7813918159724778       0.6202373476140426
91.99999999999999        969.9999999999999        304.66713211382114       0.13774164265513153      0.8622583573448525       0.8656470743105732       0.20345829872672652
91.99999999999999        980                      304.66713211382114       0.14256606337730962      0.8574339366225907       -0.05197714056236987     -0.2134852606371389
91.99999999999999        989.9999999999999        304.66713211382114       0.157656097993636        0.8423439020061997       -0.9456143364366201      -0.6281753908641582
91.99999999999999        1000                     304.66713211382114       0.18025411049155005      0.8197458895083599       -1.8009121026697237      -1.0384954759974672
94                       900                      304.66713211382114       0.2858677181674233       0.7141322818327345       0.6493420119657399       -3.0572928139253315
94                       910                      304.66713211382114       0.277913558210179        0.7220864417902059       -0.06289181774572195     2.8444472781911196
94                       920                      304.66713211382114       0.2626476313128593       0.7373523686858702       -0.7843776730490721      2.460377611889199
94                       930                      304.66713211382114       0.24115183020203523      0.7588481697980091       -1.521640783846267       2.0722130428571623
94                       940                      304.66713211382114       0.21519685369655658      0.7848031463037051       -2.2818079243281653      1.678777131755374
94                       949.9999999999999        304.66713211382114       0.18754951035200573      0.8124504896480917       -3.073361619386212       1.2793232512731252
94                       960                      304.66713211382114       0.16166467974137444      0.8383353202587212       2.3791234400523          0.8738646149152164
94                       969.9999999999999        304.66713211382114       0.1414937421538732       0.8585062578460493       1.505246584993683        0.4631666166043537
94                       980                      304.66713211382114       0.13060283457214503      0.8693971654282496       0.5951024870723403       0.04902256406942535
94                       989.9999999999999        304.66713211382114       0.13103543137433646      0.8689645686255851       -0.3289888193168845      -0.3662936267106233
94                       1000                     304.66713211382114       0.14272283846965264      0.8572771615303604       -1.2370093142434104      -0.7802997109631679
96                       900                      304.66713211382114       0.2831073293749133       0.7168926706250474       0.9912939646600829       -2.850137139069729
96                       910                      304.66713211382114       0.285941911542189        0.7140580884582752       0.2900474773695166       3.0553386610076916
96                       920                      304.66713211382114       0.28084536902755963      0.7191546309724789       -0.411935177128695       2.677421038321606
96                       930                      304.66713211382114       0.26808649628438824      0.7319135037157729       -1.1204249775861648      2.2975889332151054
96                       940                      304.66713211382114       0.2484576948326492       0.7515423051673109       -1.841958364667793       1.9141306470247148
96                       949.9999999999999        304.66713211382114       0.22340758144639353      0.7765924185535421       -2.5833286408751075      1.5257903712471685
96                       960                      304.66713211382114       0.19515443666751991      0.8048455633325556       2.9308223404522877       1.1316917612958297
96                       969.9999999999999        304.66713211382114       0.16697069804938858      0.8330293019505169       2.1249140424424793       0.731324485467529
96                       980                      304.66713211382114       0.1426875548005044       0.857312445199197        1.2746356403150731       0.32518562233906456
96                       989.9999999999999        304.66713211382114       0.12623433277599638      0.8737656672238382       0.3795472063400803       -0.08542573046588144
96                       1000                     304.66713211382114       0.12062255031364877      0.8793774496864366       -0.5454867660589332      -0.4985589728247843
97.99999999999999        900                      304.66713211382114       0.26338551383260217      0.7366144861673499       1.3483257721964366       -2.630457546208537
97.99999999999999        910                      304.66713211382114       0.27778936176794866      0.7222106382321087       0.6466282623330161       -3.0078542683237863
97.99999999999999        920                      304.66713211382114       0.2845854949727628       0.7154145050272035       -0.04736340655587731     2.9002794989151637
97.99999999999999        930                      304.66713211382114       0.28340419399998973      0.7165958059999855       -0.7394991010114996      2.5257875665774145
97.99999999999999        940                      304.66713211382114       0.27429290107997084      0.7257070989198927       -1.4352279848039118      2.150188216126344
97.99999999999999        949.9999999999999        304.66713211382114       0.2577619233851552       0.7422380766146627       -2.1401066508500497      1.7719173061031006
97.99999999999999        960                      304.66713211382114       0.2348089958228099       0.7651910041772058       -2.860899212711387       1.3893532432523543
97.99999999999999        969.9999999999999        304.66713211382114       0.20717256897728048      0.7928274310227081       2.678270550984948        1.001349907198743
97.99999999999999        980                      304.66713211382114       0.17755575828387507      0.8224442417161744       1.9022041217626762       0.6072420171869232
97.99999999999999        989.9999999999999        304.66713211382114       0.14948017420164716      0.8505198257986609       1.0845773615543262       0.2069392503904286
97.99999999999999        1000                     304.66713211382114       0.12699551919385346      0.8730044808061656       0.21787159771872816      -0.19892863842714262
100                      900                      304.66713211382114       0.22440952026052724      0.7755904797395033       1.7433004352599586       -2.3910493766031973
100                      910                      304.66713211382114       0.2494955803981119       0.7505044196017561       1.026326174048905        -2.7718792357295152
100                      920                      304.66713211382114       0.2685001160977452       0.7314998839023336       0.326568112039361        3.134988069222688
100                      930                      304.66713211382114       0.28024410230824837      0.7197558976918434       -0.36211805560905586     2.7619562324005535
100                      940                      304.66713211382114       0.2841241996374637       0.7158758003622792       -1.0456582899380842      2.390507839290441
100                      949.9999999999999        304.66713211382114       0.2799681992311457       0.7200318007707829       -1.7291844032289148      2.0190876655601677
100                      960                      304.66713211382114       0.26795626627753605      0.7320437337223357       -2.418188292416711       1.645930094560693
100                      969.9999999999999        304.66713211382114       0.24865577223161112      0.7513442277683934       -3.1184147284380987      1.269476714189704
100                      980                      304.66713211382114       0.22337568501034827      0.7766243149897711       2.4469511986759502       0.8884264551642663
100                      989.9999999999999        304.66713211382114       0.19397073005354878      0.8060292699464425       1.7035167234490143       0.5016175986903856
100                      1000                     304.66713211382114       0.16342039982558132      0.8365796001744917       0.9248535029130399       0.10854414053850575
101.99999999999999       900                      304.66713211382114       0.16841793128084925      0.8315820687191635       2.2158094642396504       -2.123231512676312
101.99999999999999       910                      304.66713211382114       0.1998533481083911       0.80014665189225         1.4598089079456338       -2.51117004568002
101.99999999999999       920                      304.66713211382114       0.22892288107119466      0.7710771189288597       0.7357382691437948       -2.892804060932587
101.99999999999999       930                      304.66713211382114       0.253078161910003        0.7469218380899708       0.03405299192790901      3.0141475278736833
101.99999999999999       940                      304.66713211382114       0.2706962823225857       0.72930371767738         -0.6524062179701269      2.6421643879621963
101.99999999999999       949.9999999999999        304.66713211382114       0.28077409513185064      0.7192259048682623       -1.3297358555339738      2.2729967869502428
101.99999999999999       960                      304.66713211382114       0.28291389522708477      0.7170861047729484       -2.003228528749205       1.9050866599678293
101.99999999999999       969.9999999999999        304.66713211382114       0.27696080716050414      0.723039192839579        -2.6779150152160924      1.5367420495180186
101.99999999999999       980                      304.66713211382114       0.2632503670381623       0.7367496329617819       2.9243286868782983       1.1664600984220141
101.99999999999999       989.9999999999999        304.66713211382114       0.24237544463157099      0.7576245553685396       2.231569587536234        0.7926431191403231
101.99999999999999       1000                     304.66713211382114       0.2156339769493109       0.7843660230507038       1.520254914572343        0.413934651905588
103.99999999999999       900                      304.66713211382114       0.10829156526750056      0.8917084347326448       2.844463617984682        -1.8195290820556624
103.99999999999999       910                      304.66713211382114       0.135699456915701        0.8643005430842762       2.0073827698807962       -2.2155828575187986
103.99999999999999       920                      304.66713211382114       0.1674975587395522       0.8325024412604461       1.2254540716680062       -2.6057721753225938
103.99999999999999       930                      304.66713211382114       0.19965336064663483      0.8003466393534099       0.48537086798783075      -2.9894850705663347
103.99999999999999       940                      304.66713211382114       0.22895670907373686      0.7710432909261888       -0.22479605239924833     2.916088404770115
103.99999999999999       949.9999999999999        304.66713211382114       0.25297173249391197      0.7470282675061094       -0.9140139957857568      2.5437797210873554
103.99999999999999       960                      304.66713211382114       0.2702755680599898       0.7297244319399224       -1.5892903440915072      2.1755462747163508
103.99999999999999       969.9999999999999        304.66713211382114       0.28001699636978666      0.7199830036300605       -2.2559915381919073      1.8100318099126476
103.99999999999999       980                      304.66713211382114       0.281773739409378        0.7182262605907052       -2.9194200938165786      1.4456483271562444
103.99999999999999       989.9999999999999        304.66713211382114       0.27550418881616345      0.724495811183995        2.6991099784326456       1.0808533419996147
103.99999999999999       1000                     304.66713211382114       0.2614160706618308       0.7385839293381687       2.028280221914436        0.7140027777599419
106                      900                      304.66713211382114       0.07161313935764944      0.928386860642433        -2.525983980845123       -1.4790800103082744
106                      910                      304.66713211382114       0.07970628936925678      0.9202937106307181       2.7953725616699403       -1.8795341461120432
106                      920                      304.66713211382114       0.09950483829631568      0.9004951617017802       1.894079670168579        -2.2770820306531196
106                      930                      304.66713211382114       0.12778293207813307      0.8722170679217647       1.0637563235418568       -2.670022394001604
106                      940                      304.66713211382114       0.16046507650398104      0.8395349234955468       0.29133831065766475      -3.057029531488085
106                      949.9999999999999        304.66713211382114       0.19350907928545827      0.8064909207145091       -0.43891404000833345     2.845480920268118
106                      960                      304.66713211382114       0.22369516262534717      0.7763048373745557       -1.1390417528688506      2.4710235287708864
106                      969.9999999999999        304.66713211382114       0.2487192760758566       0.751280723924335        -1.8184599867701183      2.10189592067266
106                      980                      304.66713211382114       0.2670937816215568       0.7329062183783419       -2.4840137064941534      1.7369075232649707
106                      989.9999999999999        304.66713211382114       0.2779866606613602       0.7220133393385556       -3.140909584228314       1.3747930204377299
106                      1000                     304.66713211382114       0.28097100249614987      0.7190289975037626       2.4892138909569166       1.0140599853880736
107.99999999999999       900                      304.66713211382114       0.08706704776384089      0.9129329522359269       -1.461309214912255       -1.1139083607712896
107.99999999999999       910                      304.66713211382114       0.06786897037031521      0.9321310296297938       -2.3741112682465637      -1.5087441469817533
107.99999999999999       920                      304.66713211382114       0.06072973129154982      0.9392702687083159       2.9281308273119357       -1.9060332292111501
107.99999999999999       930                      304.66713211382114       0.0669141753485741       0.933085824651521        1.9440687581979665       -2.3033880270722897
107.99999999999999       940                      304.66713211382114       0.08532793457270514      0.9146720654274727       1.0255794951414228       -2.6984518075142905
107.99999999999999       949.9999999999999        304.66713211382114       0.11298736054128428      0.8870126394588809       0.187979640629357        -3.089225133368322
107.99999999999999       960                      304.66713211382114       0.14589135154335467      0.854108648456646        -0.584448222427497       2.8090274709075023
107.99999999999999       969.9999999999999        304.66713211382114       0.17994010411461744      0.8200598958848162       -1.3110544754220963      2.4303306318693774
107.99999999999999       980                      304.66713211382114       0.21184796305138784      0.7881520369487099       -2.0058565928682754      2.05788453638888
107.99999999999999       989.9999999999999        304.66713211382114       0.23909441146957897      0.7609055885302827       -2.6784933491286167      1.6909890356923292
107.99999999999999       1000                     304.66713211382114       0.2599638975303619       0.7400361024696782       2.946851313557058        1.3285604906855513
109.99999999999999       900                      304.66713211382114       0.15196256188198215      0.8480374381179704       -0.645466062521571       -0.7454975563317009
109.99999999999999       910                      304.66713211382114       0.11746248914131943      0.8825375108603118       -1.384624776616151       -1.1244269322553775
109.99999999999999       920                      304.66713211382114       0.08650144587398818      0.9134985541260525       -2.1823022133628927      -1.5093753081103483
109.99999999999999       930                      304.66713211382114       0.06319118235590707      0.9368088176441601       -3.063576485242065       -1.899276549914738
109.99999999999999       940                      304.66713211382114       0.05100824187859625      0.948991758121351        2.243319033329585        -2.2924587524741975
109.99999999999999       949.9999999999999        304.66713211382114       0.05199928347117415      0.9480007165285418       1.2248593732237893       -2.686618807456222
109.99999999999999       960                      304.66713211382114       0.06597828517162159      0.9340217148283518       0.2613561968561774       -3.0794344205052795
109.99999999999999       969.9999999999999        304.66713211382114       0.09066893128046206      0.9093310687195281       -0.6062156378704011      2.814479059966924
109.99999999999999       980                      304.66713211382114       0.12238091136819382      0.8776190886311609       -1.3938396908286241      2.4303285689801393
109.99999999999999       989.9999999999999        304.66713211382114       0.1571122333547219       0.8428877666450405       -2.126207917953348       2.0523355890345893
109.99999999999999       1000                     304.66713211382114       0.19107409900110278      0.8089259009988495       -2.8216937492983285      1.6805629419730543
112                      900                      304.66713211382114       0.22773403768260883      0.772265962317397        -0.05267147828148214     -0.3895290917313483
112                      910                      304.66713211382114       0.19872093441006755      0.8012790655899162       -0.7018017823306408      -0.7494173360136543
112                      920                      304.66713211382114       0.1653535566595852       0.8346464433403886       -1.371407386716514       -1.1148459107867952
112                      930                      304.66713211382114       0.13001900077215017      0.8699809992278681       -2.070638622641297       -1.48627103022793
112                      940                      304.66713211382114       0.09589284414714778      0.9041071558531611       -2.8148314852973213      -1.8638379241124903
112                      949.9999999999999        304.66713211382114       0.06691792112454627      0.9330820788754164       2.6537024731900964       -2.2469895321196915
112                      960                      304.66713211382114       0.04690086477809887      0.9530991352219511       1.7339574795447048       -2.6344292339494064
112                      969.9999999999999        304.66713211382114       0.03893347294351975      0.9610665270562924       0.7038285279529178       -3.024437220083517
112                      980                      304.66713211382114       0.04429345770249311      0.9557065422976042       -0.3402368657680287      2.8685404703857724
112                      989.9999999999999        304.66713211382114       0.062135255591337354     0.9378647444086966       -1.2840502619814953      2.4804119764990076
112                      1000                     304.66713211382114       0.08963504422203897      0.9103649557779399       -2.1165066344464085      2.0962458525785337
113.99999999999999       900                      304.66713211382114       0.2727829862272906       0.7272170137729375       0.4300009321003991       -0.04394878478639023
113.99999999999999       910                      304.66713211382114       0.26183710520198966      0.7381628947980431       -0.1787235220745684      -0.38975110225085396
113.99999999999999       920                      304.66713211382114       0.24386725931086387      0.7561327406891124       -0.7933221212897347      -0.7380047323351177
113.99999999999999       930                      304.66713211382114       0.21930206999137855      0.7806979300088566       -1.4168307238283868      -1.0898720454355704
113.99999999999999       940                      304.66713211382114       0.18918513991485747      0.8108148600853566       -2.053844324833073       -1.4464317633763681
113.99999999999999       949.9999999999999        304.66713211382114       0.1550609586890802       0.8449390413108585       -2.7097563781900194      -1.8083163485424454
113.99999999999999       960                      304.66713211382114       0.11932573572375771      0.8806742642763119       2.888838068872431        -2.1762026888136887
113.99999999999999       969.9999999999999        304.66713211382114       0.0851066115848439       0.9148933884151617       2.159916214682304        -2.550048378664416
113.99999999999999       980                      304.66713211382114       0.05618549653854572      0.9438145034614769       1.3569476918811343       -2.929327757685906
113.99999999999999       989.9999999999999        304.66713211382114       0.03630346792132833      0.963696532078649        0.4317921903975768       2.970463602965384
113.99999999999999       1000                     304.66713211382114       0.028362482020322585     0.9716375179797311       -0.6416694911083085      2.5846693846165065
115.99999999999999       900                      304.66713211382114       0.2604484101105809       0.7395515898894145       0.8745882444039236       0.31234571311229115
115.99999999999999       910                      304.66713211382114       0.27134836067048224      0.7286516393292086       0.2792689617797784       -0.028949396885366033
115.99999999999999       920                      304.66713211382114       0.2752065130878072       0.724793486912177        -0.3138715578624423      -0.36913553955173384
115.99999999999999       930                      304.66713211382114       0.2719642438426481       0.7280357561573546       -0.9066101225612275      -0.709170750494583
115.99999999999999       940                      304.66713211382114       0.2616576598945986       0.7383423401064247       -1.5018058822174727      -1.0503926524169203
115.99999999999999       949.9999999999999        304.66713211382114       0.24453662729341055      0.7554633727066222       -2.1013333780017387      -1.3937720507290885
115.99999999999999       960                      304.66713211382114       0.22096935280019986      0.7790306471997012       -2.7085224902068874      -1.7405669679802565
115.99999999999999       969.9999999999999        304.66713211382114       0.19181162061107165      0.8081883793888167       2.9571301672931822       -2.0915587764884194
115.99999999999999       980                      304.66713211382114       0.1583836058141051       0.8416163941859693       2.3242365876935787       -2.4477064166430007
115.99999999999999       989.9999999999999        304.66713211382114       0.12269892612717964      0.8773010738727482       1.6690567273952182       -2.8094908953102817
115.99999999999999       1000                     304.66713211382114       0.08754611464764797      0.9124538853523616       0.9797886820435114       3.106137206026208
118                      900                      304.66713211382114       0.1769089223396124       0.8230910776603194       1.3423183187999936       0.7157291752755665
118                      910                      304.66713211382114       0.20752412959973288      0.7924758704003696       0.7382459529594587       0.36778394807789033
118                      920                      304.66713211382114       0.23312813861008005      0.7668718613899037       0.14387542725483377      0.024221865100904412
118                      930                      304.66713211382114       0.25291827392683636      0.7470817260730644       -0.4435618552416326      -0.31583172973820284
118                      940                      304.66713211382114       0.26633090089961126      0.733669099100233        -1.0262000908065982      -0.6532629949549661
118                      949.9999999999999        304.66713211382114       0.2731340431610944       0.7268659568388807       -1.6060922306588523      -0.9891253646420822
118                      960                      304.66713211382114       0.27318368731487147      0.7268163126850493       -2.1851054965314094      -1.3244813500784116
118                      969.9999999999999        304.66713211382114       0.2665101237305173       0.7334898762696055       -2.7648308995381536      -1.6602858920904333
118                      980                      304.66713211382114       0.2531815076789544       0.7468184923210945       2.9356839959589527       -1.997714051334122
118                      989.9999999999999        304.66713211382114       0.233497793855162        0.7665022061448346       2.3483952906928227       -2.337714719494966
118                      1000                     304.66713211382114       0.20793465289422974      0.79206534710568         1.7542877784717035       -2.681194355268963
120                      900                      304.66713211382114       0.04841838162920233      0.951581618370796        1.919143889780297        1.2097568386111257
120                      910                      304.66713211382114       0.07955526137294737      0.9204447386269436       1.2675433922537678       0.848103509648219
120                      920                      304.66713211382114       0.11393225443418398      0.8860677455651202       0.6462009951145908       0.49146867475668204
120                      930                      304.66713211382114       0.1485892798896117       0.8514107201103495       0.042378632432558815     0.13986113250113125
120                      940                      304.66713211382114       0.18135238645044502      0.8186476135494968       -0.5491494045054409      -0.20665668965378128
120                      949.9999999999999        304.66713211382114       0.2103761759380355       0.7896238240620168       -1.131661526107297       -0.5485126710673156
120                      960                      304.66713211382114       0.23446968947129046      0.7655303105286095       -1.7076453742763307      -0.8864811310981037
120                      969.9999999999999        304.66713211382114       0.253031407825372        0.7469685921746656       -2.278390198328835       -1.221185549056508
120                      980                      304.66713211382114       0.26561060685147625      0.7343893931485204       -2.8458827236224593      -1.5536073276653526
120                      989.9999999999999        304.66713211382114       0.271951828709076        0.7280481712908676       2.8719263916878477       -1.884616077397964
120                      1000                     304.66713211382114       0.27201106359145255      0.727988936408541        2.307442010234469        -2.215055056135942
