% Model:              nanoholes_rw_sweep.mph
% Version:            COMSOL 6.0.0.405
% Date:               Apr 3 2024, 23:07
% Table:              Table 1 - Global Evaluation 1
% r (nm)                 h_meta (nm)              freq (THz)               reflection (1)           transmission (1)         reflection_phi (rad)     transmission_phi (rad)
19.999999999999996       700                      304.66713211382114       0.3047429712596104       0.6952570287404247       -2.3749889137623095      1.7523695320031303
19.999999999999996       710                      304.66713211382114       0.30574128221001584      0.6942587177898872       3.0307176422210125       1.3121144568035712
19.999999999999996       720                      304.66713211382114       0.3058740020531903       0.6941259979775004       2.15404377780269         0.8720280830119503
19.999999999999996       729.9999999999999        304.66713211382114       0.30508261915378904      0.6949173808462548       1.276829910389364        0.43181808831541557
19.999999999999996       739.9999999999999        304.66713211382114       0.3035382327228078       0.6964617672771596       0.3980824824203877       -0.008748468567875901
19.999999999999996       749.9999999999999        304.66713211382114       0.30154743062528205      0.6984525693747091       -0.4830581488956432      -0.449893535908036
19.999999999999996       759.9999999999999        304.66713211382114       0.29944879829307935      0.7005512017072505       -1.3670117591233228      -0.8916750461623588
19.999999999999996       770                      304.66713211382114       0.297645542324489        0.7023544576754945       -2.2536590429048706      -1.3340777739561804
19.999999999999996       780                      304.66713211382114       0.29649438076701795      0.7035056192329631       3.1407801298497717       -1.7769534268309306
19.999999999999996       790                      304.66713211382114       0.2962156179877324       0.7037843820119836       2.2510403335652076       -2.2200570721798334
19.999999999999996       800                      304.66713211382114       0.29684337203486577      0.7031566279248955       1.3615827363443391       -2.6631250313279824
22                       700                      304.66713211382114       0.30413925902087313      0.695860740978755        -2.3069321387433135      1.7870409276433497
22                       710                      304.66713211382114       0.30543478008445285      0.694565219915634        3.1005979373760586       1.3474535234493221
22                       720                      304.66713211382114       0.30572963333300235      0.6942703666670988       2.22595078572793         0.9081146497745333
22                       729.9999999999999        304.66713211382114       0.30494457424990845      0.6950554257559589       1.3510253792349627       0.4686973346746488
22                       739.9999999999999        304.66713211382114       0.30326457373478416      0.6967354262649416       0.4744312715484671       0.028904765392164775
22                       749.9999999999999        304.66713211382114       0.3009547338090819       0.6990452661907107       -0.4048788333717167      -0.41155311314610854
22                       759.9999999999999        304.66713211382114       0.2984834714505726       0.7015165285493624       -1.287465271128781       -0.8527532382526231
22                       770                      304.66713211382114       0.29627119710582583      0.7037288028939713       -2.1733045526879504      -1.2947104810293262
22                       780                      304.66713211382114       0.2947925094224325       0.7052074905777231       -3.061743194982531       -1.737228552925295
22                       790                      304.66713211382114       0.29428529738513104      0.7057147026150877       2.331632062223238        -2.1800755366169016
22                       800                      304.66713211382114       0.29487480673966143      0.7051251932604788       1.4418627953984209       -2.622925883371231
24                       700                      304.66713211382114       0.3034174884879273       0.6965825115119776       -2.2350775635772653      1.823644619035968
24                       710                      304.66713211382114       0.30508502712910723      0.6949149728707447       -3.108982885655983       1.3847416548242717
24                       720                      304.66713211382114       0.3055735453457502       0.6944264546542281       2.301775352958701        0.9462013456442997
24                       729.9999999999999        304.66713211382114       0.30484846322523557      0.6951515367748116       1.4292689893919608       0.5076303081041529
24                       739.9999999999999        304.66713211382114       0.3030243389554892       0.6969756610445721       0.5549239575191048       0.06864238638830618
24                       749.9999999999999        304.66713211382114       0.30044810385882653      0.6995518961411111       -0.32232288630122846     -0.37106195814753645
24                       759.9999999999999        304.66713211382114       0.29756205884495035      0.7024379411550944       -1.2033110567289567      -0.8116065608174564
24                       770                      304.66713211382114       0.2949339552834214       0.7050660447159484       -2.0881154759512643      -1.2530419808190523
24                       780                      304.66713211382114       0.29304306899176197      0.7069569310083182       -2.976002868466034       -1.6951509298730403
24                       790                      304.66713211382114       0.29225854399656875      0.7077414560036246       2.4172703514168625       -2.1377031626371292
24                       800                      304.66713211382114       0.2927511456270642       0.7072488543732314       1.5272404075372348       -2.5803361003549425
25.999999999999996       700                      304.66713211382114       0.30254292425380525      0.6974570757468317       -2.1596815590275398      1.8621155254826478
25.999999999999996       710                      304.66713211382114       0.3045966562671942       0.6954033437329408       -3.031774261023558       1.4239242330348063
25.999999999999996       720                      304.66713211382114       0.30538418904293924      0.6946158109572759       2.381220355171647        0.9861919943596511
25.999999999999996       729.9999999999999        304.66713211382114       0.30477338628014666      0.6952266137201831       1.5111547065415551       0.5484832751195707
25.999999999999996       739.9999999999999        304.66713211382114       0.3028622854522086       0.6971377145476025       0.6394397667323919       0.11040685550036773
25.999999999999996       749.9999999999999        304.66713211382114       0.30000973119870283      0.6999902688013193       -0.23557547422542488     -0.32847945418005126
25.999999999999996       759.9999999999999        304.66713211382114       0.29673283916967164      0.7032671608306099       -1.1147251021757463      -0.7683120279342536
25.999999999999996       770                      304.66713211382114       0.2936103139050312       0.7063896860951531       -1.9981754707524084      -1.2091328303028566
25.999999999999996       780                      304.66713211382114       0.291290060315803        0.7087099396843398       -2.885467100127324       -1.6507921637961618
25.999999999999996       790                      304.66713211382114       0.29016047597254213      0.7098395240275929       2.507938917839229        -2.0930390701079213
25.999999999999996       800                      304.66713211382114       0.2904671382480623       0.7095328617520849       1.6176047528937185       -2.5353942191751995
28                       700                      304.66713211382114       0.3014831280653204       0.698516871934543        -2.080749436215745       1.9023870860106615
28                       710                      304.66713211382114       0.303997438432845        0.6960025615671153       -2.9510827230279757      1.46493985065789
28                       720                      304.66713211382114       0.30512539822938367      0.694874601770698        2.464214814361319        1.0280535635923893
28                       729.9999999999999        304.66713211382114       0.30465239773484254      0.6953476022654097       1.5966366268978651       0.5912298931928253
28                       739.9999999999999        304.66713211382114       0.30274632948591296      0.6972536705145661       0.7275965182437135       0.1540740656961029
28                       749.9999999999999        304.66713211382114       0.29967940868848253      0.7003205913104742       -0.14486277401781478     -0.2839079078360126
28                       759.9999999999999        304.66713211382114       0.29600286734660464      0.7039971326533228       -1.021800425194573       -0.7229234083548406
28                       770                      304.66713211382114       0.2924023206496253       0.7075976793503749       -1.903735008318605       -1.16305792111119
28                       780                      304.66713211382114       0.2895724141171107       0.7104275858823095       -2.7901558194135863      -1.6042100177889724
28                       790                      304.66713211382114       0.288017560730319        0.7119824392699611       2.6034417546736246       -2.046093662038105
28                       800                      304.66713211382114       0.28806891841321364      0.7119310815865632       1.7128390019344573       -2.4881658745629993
30                       700                      304.66713211382114       0.3002292303467573       0.6997707696531902       -1.998333479108158       1.9445293565414417
30                       710                      304.66713211382114       0.30324881457462793      0.6967511854253258       -2.867089048055095       1.5077204144412604
30                       720                      304.66713211382114       0.3047781034016596       0.6952218965984246       2.5504093355556336       1.0716725963384337
30                       729.9999999999999        304.66713211382114       0.304579254901905        0.6954207450978747       1.6855185508950772       0.6357811426865159
30                       739.9999999999999        304.66713211382114       0.30269096346195157      0.6973090365377284       0.8194128458251648       0.19965181187427483
30                       749.9999999999999        304.66713211382114       0.29945424611430155      0.7005457538855228       -0.0502883149618204      -0.23737333098143498
30                       759.9999999999999        304.66713211382114       0.29540895709716936      0.7045910429028099       -0.9247525459296486      -0.6754947006744098
30                       770                      304.66713211382114       0.2913061954191372       0.7086938045806299       -1.8048115385761034      -1.1148960891138564
30                       780                      304.66713211382114       0.28789253593551883      0.7121074640652144       -2.6901216151883984      -1.555463032936329
30                       790                      304.66713211382114       0.2858590882212018       0.7141409117784807       2.7039553287549953       -1.996873309422077
30                       800                      304.66713211382114       0.2855758223556035       0.714424177644578        1.8130967195123353       -2.43866026086409
31.999999999999996       700                      304.66713211382114       0.2987625511286682       0.701237448871404        -1.9125531253627475      1.9883875485486824
31.999999999999996       710                      304.66713211382114       0.30231435066362106      0.6976856493363179       -2.7796949177531998      1.5523166290292918
31.999999999999996       720                      304.66713211382114       0.3043342063825844       0.6956657936173282       2.63991284384262         1.1170616000351599
31.999999999999996       729.9999999999999        304.66713211382114       0.30446675073174484      0.6955332492685289       1.7778142550588714       0.6821748708900999
31.999999999999996       739.9999999999999        304.66713211382114       0.3027010680355949       0.6972989319644135       0.9146689017237067       0.24704787848222998
31.999999999999996       749.9999999999999        304.66713211382114       0.29934670633797267      0.7006532936618552       0.048012631056363074     -0.18893087602826172
31.999999999999996       759.9999999999999        304.66713211382114       0.2949604301218471       0.7050395698789005       -0.8236953087212263      -0.6260645088299546
31.999999999999996       770                      304.66713211382114       0.2903544901502758       0.7096455098498617       -1.7015455558667743      -1.0646451081890163
31.999999999999996       780                      304.66713211382114       0.28633980803841985      0.7136601919617737       -2.585357113631775       -1.5045088121803274
31.999999999999996       790                      304.66713211382114       0.2837403233856983       0.7162596766145052       2.809259788452172        -1.945456378428714
31.999999999999996       800                      304.66713211382114       0.28299337046303197      0.7170066295369677       1.9184032950717487       -2.386866388782286
33.99999999999999        700                      304.66713211382114       0.29703344254723146      0.7029665574529076       -1.8231653689333573      2.034097304562014
33.99999999999999        710                      304.66713211382114       0.301191457627277        0.6988085423726891       -2.688972223542302       1.5986628581793716
33.99999999999999        720                      304.66713211382114       0.30375856807757057      0.6962414319220518       2.732732601401956        1.1642469222548852
33.99999999999999        729.9999999999999        304.66713211382114       0.3043152368555263       0.6956847631559796       1.8733661369365096       0.7303382839707394
33.99999999999999        739.9999999999999        304.66713211382114       0.30274628430149997      0.6972537156982431       1.013275623968714        0.29627055907587185
33.99999999999999        749.9999999999999        304.66713211382114       0.2993496385181026       0.7006503614818218       0.14991007267110207      -0.13859127727301146
33.99999999999999        759.9999999999999        304.66713211382114       0.29466428007753576      0.7053357199223977       -0.7186523907607001      -0.5746591608126507
33.99999999999999        770                      304.66713211382114       0.2895442610610543       0.7104557389391863       -1.5939074997637175      -1.0122890439221774
33.99999999999999        780                      304.66713211382114       0.28492279756044847      0.7150772024404586       -2.4759214890268386      -1.451385965199042
33.99999999999999        790                      304.66713211382114       0.28166328581292893      0.7183367141872369       2.91964171959757         -1.8917387530597707
33.99999999999999        800                      304.66713211382114       0.2803956972679764       0.7196043027319313       2.0288019290258505       -2.332795789069209
36                       700                      304.66713211382114       0.2949990904356015       0.7050009095640679       -1.7301085287491516      2.0816797353949394
36                       710                      304.66713211382114       0.2998217316140844       0.7001782683858726       -2.5948788707621824      1.646832823071649
36                       720                      304.66713211382114       0.3030250066614008       0.6969749933380028       2.828851457643471        1.2132487411493618
36                       729.9999999999999        304.66713211382114       0.3040731875303522       0.6959268124697726       1.9721194952467502       0.7803026596696548
36                       739.9999999999999        304.66713211382114       0.30281898915499567      0.6971810108450952       1.1152860366766972       0.3473477599944527
36                       749.9999999999999        304.66713211382114       0.29946646904874497      0.7005335309512795       0.25537131391735984      -0.08636563210958277
36                       759.9999999999999        304.66713211382114       0.29456984950370624      0.7054301504963753       -0.6098257819935738      -0.5213019042408168
36                       770                      304.66713211382114       0.28897782800384303      0.7110221719959146       -1.4820912533574986      -0.9578751503795037
36                       780                      304.66713211382114       0.28367238688934865      0.7163276131107633       -2.3617850733244725      -1.3960836106074974
36                       790                      304.66713211382114       0.2796975093151595       0.7203024906848537       3.0351196731510988       -1.835753149009541
36                       800                      304.66713211382114       0.27777847365465236      0.7222215263455988       2.1445580925837997       -2.2763263912915996
38                       700                      304.66713211382114       0.2926602448565338       0.7073397551432409       -1.6334096821181197      2.131127831386541
38                       710                      304.66713211382114       0.2981626787159684       0.7018373212841423       -2.497162292365027       1.6968957684542791
38                       720                      304.66713211382114       0.30204865399785175      0.6979513460021655       2.928270576403635        1.264062876450343
38                       729.9999999999999        304.66713211382114       0.303726901106053        0.6962730988943787       2.074150869941309        0.8320919440145991
38                       739.9999999999999        304.66713211382114       0.30290072686249725      0.6970992731375092       1.2205335816173248       0.4002436472034802
38                       749.9999999999999        304.66713211382114       0.299692153233146        0.7003078467667857       0.3643290251501268       -0.032213487243356646
38                       759.9999999999999        304.66713211382114       0.29466592072169134      0.7053340792783792       -0.49712910887903333     -0.4659058748738472
38                       770                      304.66713211382114       0.28863297942586486      0.7113670205739764       -1.365957421770244       -0.9013349506716262
38                       780                      304.66713211382114       0.2826974056550996       0.7173025943458224       -2.243005352201222       -1.3385691787128726
38                       790                      304.66713211382114       0.27790589867783755      0.7220941013220119       -3.127587884828306       -1.7774680991199974
38                       800                      304.66713211382114       0.27520416745891935      0.7247958325413452       2.2657087240300977       -2.2174606937845738
39.99999999999999        700                      304.66713211382114       0.28997092191900137      0.7100290780810351       -1.5326839450974936      2.182579419121017
39.99999999999999        710                      304.66713211382114       0.2961683514747406       0.7038316485252327       -2.3958786263574536      1.7488597602234808
39.99999999999999        720                      304.66713211382114       0.30083338563507095      0.6991666143649469       3.0310993381399047       1.3167405290356728
39.99999999999999        729.9999999999999        304.66713211382114       0.30323243069187106      0.6967675693082326       2.1795165112225936       0.8857667835133316
39.99999999999999        739.9999999999999        304.66713211382114       0.3029349465500314       0.6970650534499276       1.329140372164862        0.4550359848217743
39.99999999999999        749.9999999999999        304.66713211382114       0.30000393187917057      0.6999960681207139       0.4766947328419437       0.02383670304206474
39.99999999999999        759.9999999999999        304.66713211382114       0.2949525132968078       0.7050474867032245       -0.3807669334919092      -0.4085479032085611
39.99999999999999        770                      304.66713211382114       0.288547640174401        0.7114523598256415       -1.2457301798931526      -0.8426968671022819
39.99999999999999        780                      304.66713211382114       0.28196792680203236      0.7180320731982495       -2.1194803122344275      -1.2787908123387621
39.99999999999999        790                      304.66713211382114       0.27634046099243254      0.723659539007785        -3.0017641369973758      -1.7167633548064714
39.99999999999999        800                      304.66713211382114       0.27280044427583683      0.7271995557241175       2.39248646696367         -2.15615193193855
42                       700                      304.66713211382114       0.28686269716774165      0.7131373028324413       -1.4277365793278551      2.2361172053777394
42                       710                      304.66713211382114       0.29380527339991347      0.7061947266006794       -2.2907136092828844      1.8028237625350934
42                       720                      304.66713211382114       0.29930258813247873      0.7006974118673891       3.137587330315446        1.371422508944975
42                       729.9999999999999        304.66713211382114       0.30251747051804245      0.6974825294841839       2.288205865941471        0.941326870983511
42                       739.9999999999999        304.66713211382114       0.3028789714762354       0.6971210285238876       1.4411175768206697       0.5117941497609246
42                       749.9999999999999        304.66713211382114       0.30039299251567775      0.6996070074843912       0.5925452426777089       0.08188596814230428
42                       759.9999999999999        304.66713211382114       0.29541881123549507      0.70458118876472         -0.26053045027004335     -0.3490982919269924
42                       770                      304.66713211382114       0.288744639707146        0.7112553602930087       -1.1213226939686942      -0.7818931612377622
42                       780                      304.66713211382114       0.2815620152023816       0.7184379847978314       -1.9913089202453982      -1.216747797262676
42                       790                      304.66713211382114       0.2750698158137933       0.7249301841859053       -2.8707258815486263      -1.6536486290427823
42                       800                      304.66713211382114       0.27054129777613883      0.7294587022236574       2.5251398915354897       -2.0922417634328756
44                       700                      304.66713211382114       0.28333583925489203      0.7166641607452542       -1.3182034121368469      2.291869025797241
44                       710                      304.66713211382114       0.2909902360485571       0.7090097639516602       -2.1813549747238743      1.8589657923350835
44                       720                      304.66713211382114       0.29738113894957346      0.7026188610504643       -3.035389028184047       1.4281525095703504
44                       729.9999999999999        304.66713211382114       0.3015014773324497       0.6984985226675878       2.40049224577601         0.998917576952307
44                       739.9999999999999        304.66713211382114       0.30270080281413636      0.6972991971858364       1.5564277517799097       0.5705123988606814
44                       749.9999999999999        304.66713211382114       0.3007680910638348       0.6992319089361638       0.7118724720906997       0.14195822866776675
44                       759.9999999999999        304.66713211382114       0.29605240848585096      0.7039475915141217       -0.1368460130587524      -0.2876211233275737
44                       770                      304.66713211382114       0.28925655864346483      0.7107434413567222       -0.9928449140087009      -0.7189027634000047
44                       780                      304.66713211382114       0.28152348281239153      0.7184765171874076       -1.8583899817799112      -1.1523242445161204
44                       790                      304.66713211382114       0.2741878375652987       0.725812162434852        -2.734332647710878       -1.5880429811706724
44                       800                      304.66713211382114       0.2685990448594846       0.7314009551405024       2.6637034559185513       -2.0257115373560044
45.99999999999999        700                      304.66713211382114       0.27935398716649945      0.720646012833525        -1.2037221160860145      2.3499659993647652
45.99999999999999        710                      304.66713211382114       0.2876836231409587       0.7123163768589357       -2.0676089361524         1.9173263689765787
45.99999999999999        720                      304.66713211382114       0.29502286979287057      0.7049771302071614       -2.921102107991124       1.4870672277138088
45.99999999999999        729.9999999999999        304.66713211382114       0.3001460416565064       0.6998539583437166       2.516418081944932        1.058628743417541
45.99999999999999        739.9999999999999        304.66713211382114       0.3023010288544403       0.6976989711443833       1.6753000867227248       0.6313157052350192
45.99999999999999        749.9999999999999        304.66713211382114       0.30111218796265143      0.6988878120373183       0.8346798086476508       0.20409728058937884
45.99999999999999        759.9999999999999        304.66713211382114       0.29681599950151083      0.7031840004988614       -0.009306421939447047    -0.22394738715781534
45.99999999999999        770                      304.66713211382114       0.29003189810819796      0.7099681018918867       -0.8602957533306506      -0.6536483604313768
45.99999999999999        780                      304.66713211382114       0.2818737971660465       0.7181262028340673       -1.7208474261159172      -1.0854957447593054
45.99999999999999        790                      304.66713211382114       0.2736927214212835       0.7263072785787382       -2.5926064988140713      -1.5198600947589394
45.99999999999999        800                      304.66713211382114       0.26699376387998897      0.733006236119975        2.8084195106037395       -1.9564127493677674
48                       700                      304.66713211382114       0.2748904826604183       0.725109517339516        -1.0838298504880042      2.4105541784670916
48                       710                      304.66713211382114       0.2838651094408728       0.7161348905592746       -1.948857263832991       1.9781388983462247
48                       720                      304.66713211382114       0.29213116086536256      0.7078688391348233       -2.8024722414139096      1.548274038866682
48                       729.9999999999999        304.66713211382114       0.2983640709618265       0.7016359290379147       2.6363492857992408       1.1205741871371184
48                       739.9999999999999        304.66713211382114       0.3015879713604883       0.6984120286401132       1.7976422137717036       0.6942294741396812
48                       749.9999999999999        304.66713211382114       0.30134217967437554      0.6986578203257314       0.9608711188077518       0.2683451255295351
48                       759.9999999999999        304.66713211382114       0.29765970041466794      0.7023402995854803       0.12170518783811214      -0.15811550518536993
48                       770                      304.66713211382114       0.2910907430452625       0.7089092569545087       -0.723940059406393       -0.5861613714413937
48                       780                      304.66713211382114       0.2826452262207409       0.717354773777994        -1.5789285870582692      -1.0163055239436338
48                       790                      304.66713211382114       0.2737180030095885       0.7262819969906863       -2.445626867721408       -1.4490945370339718
48                       800                      304.66713211382114       0.2658840494983775       0.7341159505013882       2.959186685367841        -1.8843610191544864
50                       700                      304.66713211382114       0.2699219253695341       0.7300780746305903       -0.9576449130250705      2.4739990607451983
50                       710                      304.66713211382114       0.2794191055385564       0.7205808944614961       -1.8245093590527013      2.0416768920178545
50                       720                      304.66713211382114       0.2886231838398187       0.7113768161602031       -2.6787065391337594      1.6121343057209048
50                       729.9999999999999        304.66713211382114       0.2960267762285745       0.7039732237713413       2.7607483231941825       1.184990638354135
50                       739.9999999999999        304.66713211382114       0.30048980563589894      0.6995101943639884       1.9243900585151317       0.7596402289325819
50                       749.9999999999999        304.66713211382114       0.30135481519942936      0.6986451848008335       1.0911784262057196       0.3350607238603329
50                       759.9999999999999        304.66713211382114       0.298517331561877        0.7014826684379879       0.2566302654914415       -0.08988675340842697
50                       770                      304.66713211382114       0.29235158918307363      0.7076484108169558       -0.5832217292396835      -0.5160909407561155
50                       780                      304.66713211382114       0.28383501210062057      0.7161649878993186       -1.4322230339645756      -0.9444298487481261
50                       790                      304.66713211382114       0.27428312729338333      0.725716872706602        -2.2931173416053543      -1.3754833877264474
50                       800                      304.66713211382114       0.2653422933978841       0.734657706602144        3.1164006452942496       -1.80924232087702
51.99999999999999        700                      304.66713211382114       0.2644797200268449       0.7355202799731798       -0.8251559777309737      2.5401660367735155
51.99999999999999        710                      304.66713211382114       0.27437199116680416      0.7256280088333092       -1.6943459815682493      2.1078963522268293
51.99999999999999        720                      304.66713211382114       0.28444832743034826      0.7155516725693746       -2.5499523150759535      1.6785231337328648
51.99999999999999        729.9999999999999        304.66713211382114       0.29308254322168636      0.7069174567782683       2.8896089499335735       1.251869322415477
51.99999999999999        739.9999999999999        304.66713211382114       0.2988804862253105       0.7011195137751448       2.054959512671912        0.8273636943028692
51.99999999999999        749.9999999999999        304.66713211382114       0.30103009618273857      0.6989699038172664       1.2249067261863817       0.4039514500934731
51.99999999999999        759.9999999999999        304.66713211382114       0.29926003361542597      0.7007399663846318       0.3950656119632687       -0.01939631796900203
51.99999999999999        770                      304.66713211382114       0.29377330177756406      0.7062266982224328       -0.43906604596811355     -0.443816761995975
51.99999999999999        780                      304.66713211382114       0.2853943631164289       0.7146056368835234       -1.281642957834537       -0.870207033594681
51.99999999999999        790                      304.66713211382114       0.2754034941650376       0.7245965058348035       -2.136049958988572       -1.2993258295425325
51.99999999999999        800                      304.66713211382114       0.2654452243204876       0.7345547756794811       -3.0038361859056364      -1.7313184563111377
53.99999999999999        700                      304.66713211382114       0.2586078495036489       0.7413921504965539       -0.6853546534511027      2.609470912686466
53.99999999999999        710                      304.66713211382114       0.2686704927742799       0.7313295072257039       -1.5575497552891477      2.177135450808532
53.99999999999999        720                      304.66713211382114       0.27953232737243666      0.7204676726275966       -2.4153140164947158      1.7478150049331935
53.99999999999999        729.9999999999999        304.66713211382114       0.2893599935203645       0.7106400064795242       3.0236427518750437       1.3214863858668566
53.99999999999999        739.9999999999999        304.66713211382114       0.29661924888337365      0.7033807511167244       2.1898809731964093       0.8976363417053644
53.99999999999999        749.9999999999999        304.66713211382114       0.3002547811132709       0.6997452188865979       1.3626799865352974       0.47535824449891984
53.99999999999999        759.9999999999999        304.66713211382114       0.2997664346165461       0.7002335653836913       0.5371992673865841       0.0534838019013036
53.99999999999999        770                      304.66713211382114       0.29524370987064374      0.704756290129325        -0.2910634288064369      -0.3690437920922697
53.99999999999999        780                      304.66713211382114       0.2873052612677814       0.7126947387319997       -1.1269506881085838      -0.7934077483634562
53.99999999999999        790                      304.66713211382114       0.27712128850366124      0.7228787114964474       -1.9741903013045932      -1.2204195143776893
53.99999999999999        800                      304.66713211382114       0.2662761767939458       0.7337238232061593       -2.8351244919255136      -1.6504342428556456
56                       700                      304.66713211382114       0.2523480141398223       0.747651985860055        -0.5374447917635111      2.682106413561732
56                       710                      304.66713211382114       0.26232969252256777      0.7376703074775138       -1.413329876811952       2.2496244960465965
56                       720                      304.66713211382114       0.2738185409987105       0.7261814590033931       -2.273988407506332       1.8202342558713176
56                       729.9999999999999        304.66713211382114       0.2848254454368755       0.7151745545631597       -3.1198404278709564      1.3940518458542857
56                       739.9999999999999        304.66713211382114       0.29360006041505604      0.7063999395851485       2.3298653980951314       0.9707350085510884
56                       749.9999999999999        304.66713211382114       0.29885984936972276      0.7011401506302958       1.50472100088822         0.5493828543776036
56                       759.9999999999999        304.66713211382114       0.2999432619587313       0.7000567380407309       0.6833281937766817       0.12899313799406964
56                       770                      304.66713211382114       0.296641911722411        0.7033580882777856       -0.13944784890226458     -0.29176270382469477
56                       780                      304.66713211382114       0.2894494201842724       0.7105505798154635       -0.9683686991698289      -0.7139916551522231
56                       790                      304.66713211382114       0.2793600919147619       0.7206399080854501       -1.8077341040494268      -1.1386936178955516
56                       800                      304.66713211382114       0.26788706297169135      0.7321129370286243       -2.661028730830431       -1.5665494073245398
57.99999999999999        700                      304.66713211382114       0.2458068403529195       0.7541931596471129       -0.38057743572618913     2.7583027226521883
57.99999999999999        710                      304.66713211382114       0.2553794006385008       0.7446205993618177       -1.2606648555542135      2.3256650129374115
57.99999999999999        720                      304.66713211382114       0.2672442316166724       0.7327557683833313       -2.125241975799087       1.8960614241419707
57.99999999999999        729.9999999999999        304.66713211382114       0.2793048154017332       0.7206951845982362       -2.9735709586078225      1.4698648626687225
57.99999999999999        739.9999999999999        304.66713211382114       0.2896378830192378       0.7103621169806538       2.4753981701126877       1.0468614688660174
57.99999999999999        749.9999999999999        304.66713211382114       0.29668788009217506      0.7033121199077353       1.651620040849138        0.6263240662639551
57.99999999999999        759.9999999999999        304.66713211382114       0.2995462416940663       0.7004537583055497       0.8334677665134596       0.20717889808403567
57.99999999999999        770                      304.66713211382114       0.29780143895599587      0.7021985610441228       0.01604665029556216      -0.21179467736150517
57.99999999999999        780                      304.66713211382114       0.2917069899906492       0.7082930100094121       -0.8059496638779017      -0.6318846731765821
57.99999999999999        790                      304.66713211382114       0.2820886379278583       0.7179113620720211       -1.6371831939678185      -1.0541920185168996
57.99999999999999        800                      304.66713211382114       0.2702759461594698       0.7297240538416246       -2.4817659080838212      -1.4795699584826596
60                       700                      304.66713211382114       0.2391636748204651       0.7608363251794794       -0.21387220852071726     2.8383237556704035
60                       710                      304.66713211382114       0.247889026966243        0.7521109730336855       -1.0987135036301823      2.4054781526427513
60                       720                      304.66713211382114       0.25981176280944657      0.740188237190505        -1.9680051719085736      1.9755828115744278
60                       729.9999999999999        304.66713211382114       0.2727522555834085       0.7272477444166096       -2.819985225296859       1.549194304329384
60                       739.9999999999999        304.66713211382114       0.2845656157424842       0.7154343842573581       2.627189408509741        1.1263032496958543
60                       749.9999999999999        304.66713211382114       0.2935227990993703       0.7064772009006034       1.8036757443322469       0.7063162206446213
60                       759.9999999999999        304.66713211382114       0.2983730604603116       0.7016269395396705       0.9881706820614844       0.2883034484900615
60                       770                      304.66713211382114       0.2984908773453619       0.7015091226547856       0.1754481991746885       -0.12905369207614859
60                       780                      304.66713211382114       0.2938834314263722       0.7061165685733022       -0.6398214778622828      -0.5470059207877558
60                       790                      304.66713211382114       0.28514055963497686      0.7148594403650277       -1.4628105588079106      -0.9668754329725093
60                       800                      304.66713211382114       0.27342944412162973      0.7265705558783477       -2.2979859015253763      -1.3895791033415714
61.99999999999999        700                      304.66713211382114       0.23261173515585565      0.7673882648442231       -0.036504369971735146    2.9223930624672585
61.99999999999999        710                      304.66713211382114       0.24002336317374245      0.7599766368264057       -0.9261076105806951      2.4894583415843186
61.99999999999999        720                      304.66713211382114       0.25157077648193743      0.7484292235181349       -1.8010025677986223      2.0591725320492382
61.99999999999999        729.9999999999999        304.66713211382114       0.26509660644958555      0.7349033935503283       -2.6578490469166494      1.6324215800734465
61.99999999999999        739.9999999999999        304.66713211382114       0.2783199583851403       0.7216800416148992       2.7862294687477656       1.2094117586638626
61.99999999999999        749.9999999999999        304.66713211382114       0.2891774982351044       0.7108225017649901       1.9618121972901506       0.7897102014410288
61.99999999999999        759.9999999999999        304.66713211382114       0.29620066787260313      0.7037993321273857       1.1478229030310587       0.37254455631324196
61.99999999999999        770                      304.66713211382114       0.2984672523755727       0.70153274762447         0.33907569383736186      -0.043335446569478
61.99999999999999        780                      304.66713211382114       0.2957389071667334       0.704261092833306        -0.46997862983600036     -0.45927172729865445
61.99999999999999        790                      304.66713211382114       0.2883326669732026       0.7116673330269343       -1.284739413776548       -0.8766363422167536
61.99999999999999        800                      304.66713211382114       0.27718262781324055      0.7228173721865114       -2.110233364615736       -1.2965791639092517
63.99999999999999        700                      304.66713211382114       0.22648250451238133      0.7735174954874954       0.15250949548640924      3.010763778907026
63.99999999999999        710                      304.66713211382114       0.23199694016651362      0.7680030598332994       -0.7416438128094719      2.5778606165330054
63.99999999999999        720                      304.66713211382114       0.24263166038145453      0.7573683396185896       -1.6227957010984382      2.147215260497677
63.99999999999999        729.9999999999999        304.66713211382114       0.2563307708465057       0.7436692291538062       -2.48582673777338        1.7199018942243622
63.99999999999999        739.9999999999999        304.66713211382114       0.27069956593086847      0.729300434069179        2.953631779150278        1.2965309323251004
63.99999999999999        749.9999999999999        304.66713211382114       0.2834280733888877       0.7165719266112072       2.1269673119262493       0.8768650159089343
63.99999999999999        759.9999999999999        304.66713211382114       0.2927540281997101       0.7072459718003182       1.3132130871818777       0.46025382547337995
63.99999999999999        770                      304.66713211382114       0.2974556404115627       0.7025443595884118       0.5073782436037824       0.04559338947214265
63.99999999999999        780                      304.66713211382114       0.2969844135918148       0.7030155864082895       -0.29619157772780835     -0.3684601723228478
63.99999999999999        790                      304.66713211382114       0.2913910749000358       0.7086089251005614       -1.1031487160361495      -0.7834182526426771
63.99999999999999        800                      304.66713211382114       0.2813573980754022       0.7186426019246682       -1.9188164630201403      -1.2005039292640738
66                       700                      304.66713211382114       0.22113096632656462      0.7788690336733753       0.35374781068587147      3.1036655416357926
66                       710                      304.66713211382114       0.22415171494598418      0.7758482850542113       -0.5441128263446274      2.671041609085215
66                       720                      304.66713211382114       0.23320349478629426      0.7667965052135578       -1.4318786108796273      2.240060564142319
66                       729.9999999999999        304.66713211382114       0.2465018040889773       0.753498195911095        -2.3022038733403636      1.8121511407540565
66                       739.9999999999999        304.66713211382114       0.26162759723869         0.7383724027613482       3.131008169925508        1.3881492774350983
66                       749.9999999999999        304.66713211382114       0.2760898816540819       0.7239101183460048       2.3003936741880464       0.9682265429107788
66                       759.9999999999999        304.66713211382114       0.2877691063448495       0.712230893655109        1.4853317977431086       0.5518389378694695
66                       770                      304.66713211382114       0.2951228695654481       0.7048771304342091       0.6810739178805091       0.138069069977228
66                       780                      304.66713211382114       0.29727521108800126      0.7027247889111281       -0.11812046260468571     -0.2744143935554691
66                       790                      304.66713211382114       0.29400479811009145      0.7059952018897964       -0.917904628186893       -0.6870413391910305
66                       800                      304.66713211382114       0.28564196800234326      0.7143580319977104       -1.7240489480725332      -1.1012891253041825
67.99999999999999        700                      304.66713211382114       0.21698409146903558      0.7830159085309599       0.5671156860115383       -3.0820271014764886
67.99999999999999        710                      304.66713211382114       0.21691823939852647      0.7830817606013938       -0.3326434986602699      2.769133353633792
67.99999999999999        720                      304.66713211382114       0.22365036471022995      0.7763496352898959       -1.2267859466938433      2.3380138965750987
67.99999999999999        729.9999999999999        304.66713211382114       0.2358395689239828       0.7641604310761289       -2.1053048104711842      1.9094778609019356
67.99999999999999        739.9999999999999        304.66713211382114       0.25118446409621986      0.7488155359036592       -2.9631648243573         1.4847001999430172
67.99999999999999        749.9999999999999        304.66713211382114       0.2670354765763947       0.7329645234237152       2.4834597875055002       1.064151819480411
67.99999999999999        759.9999999999999        304.66713211382114       0.28095065411261816      0.7190493458872426       1.6651468686438038       0.6475792416576546
67.99999999999999        770                      304.66713211382114       0.29110219201419774      0.70889780798584         0.8608622276191149       0.2343579524368206
67.99999999999999        780                      304.66713211382114       0.2962056162979347       0.7037943837020123       0.06468602537956061      -0.1768420521443539
67.99999999999999        790                      304.66713211382114       0.2957032356984073       0.704296764302911        -0.7290200328663647      -0.5874526707653261
67.99999999999999        800                      304.66713211382114       0.28964776616301124      0.7103522338368514       -1.526250125954443       -0.9989434754943567
70                       700                      304.66713211382114       0.21449625131362862      0.7855037486863601       0.7925275487458692       -2.97980603052483
70                       710                      304.66713211382114       0.21080528316348224      0.7891947168364204       -0.1065230837345015      2.872445841776477
70                       720                      304.66713211382114       0.2144421907830919       0.7855578092167731       -1.0056400246901396      2.4415111253439163
70                       729.9999999999999        304.66713211382114       0.22465531170417619      0.7753446882957804       -1.892893550693384       2.0124407632002854
70                       739.9999999999999        304.66713211382114       0.23946497185328852      0.7605350281468082       -2.76016342229039        1.5867804038893496
70                       749.9999999999999        304.66713211382114       0.25618316721632234      0.7438168327836585       2.678367419352035        1.1653197016295274
70                       759.9999999999999        304.66713211382114       0.27213048177719734      0.727869518222798        1.8547751502083163       0.7482280732317299
70                       770                      304.66713211382114       0.28505364795873733      0.71494635204109         1.0483162342411156       0.33502529640950784
70                       780                      304.66713211382114       0.29334635491235295      0.7066536450876344       0.2533878164743981       -0.07533459307756489
70                       790                      304.66713211382114       0.29604890995753413      0.7039510900425174       -0.5358547270053078      -0.4842622225845037
70                       800                      304.66713211382114       0.2928811681348369       0.707118831865167        -1.3252117674548247      -0.8932306774470157
72                       700                      304.66713211382114       0.2141393305649101       0.7858606694349558       1.0287726515097655       -2.872924908593982
72                       710                      304.66713211382114       0.20646331070653348      0.7935366892933373       0.1342683476195704       2.981053433015104
72                       720                      304.66713211382114       0.2062128560217487       0.7937871439784396       -0.7673992438576884      2.550779450800954
72                       729.9999999999999        304.66713211382114       0.2134622226596576       0.7865377773402381       -1.6627519491255938      2.121463587562575
72                       739.9999999999999        304.66713211382114       0.22674606432350242      0.7732539356765388       -2.540682514955925       1.694914153705003
72                       749.9999999999999        304.66713211382114       0.2435675601872243       0.7564324398128138       2.8875392078548328       1.2723048695005246
72                       759.9999999999999        304.66713211382114       0.26105446648430886      0.7389455335159733       2.056091810453117        0.8542941859693259
72                       770                      304.66713211382114       0.27660622849155764      0.7233937715088771       1.2449823508163154       0.44064149594525936
72                       780                      304.66713211382114       0.288207885073665        0.7117921149264821       0.44906363157415524      0.03058154080250984
72                       790                      304.66713211382114       0.29447184676657673      0.7055281532337914       -0.3374741161640263      -0.3771264814691592
72                       800                      304.66713211382114       0.2947644554223543       0.7052355445777435       -1.120601211056773       -0.7839714147298059
73.99999999999999        700                      304.66713211382114       0.216265331924497        0.783734668066883        1.274277058551813        -2.761403691504677
73.99999999999999        710                      304.66713211382114       0.20447316999265489      0.7955268300073384       0.3887760261338406       3.0950169840138995
73.99999999999999        720                      304.66713211382114       0.19972455139314593      0.8002754486072886       -0.5113363584877457      2.6660872623673373
73.99999999999999        729.9999999999999        304.66713211382114       0.20301130201043063      0.7969886979896266       -1.4128296163860852      2.2369593940591237
73.99999999999999        739.9999999999999        304.66713211382114       0.21361233429005247      0.786387665709919        -2.3019089524295224      1.8096679194189316
73.99999999999999        749.9999999999999        304.66713211382114       0.22950226561724743      0.7704977343828645       3.114151788220873        1.3858910730246137
73.99999999999999        759.9999999999999        304.66713211382114       0.2477652139073128       0.7522347860923928       2.2720101676909836       0.9665582780527425
73.99999999999999        770                      304.66713211382114       0.26556852903470063      0.734431470965183        1.453421255855319        0.5519802264133788
73.99999999999999        780                      304.66713211382114       0.2803805824375656       0.7196194175625469       0.653794771778505        0.14165436081174065
73.99999999999999        790                      304.66713211382114       0.2904210073383354       0.7095789926612579       -0.13244764536423068     -0.2654311397724688
73.99999999999999        800                      304.66713211382114       0.29462727068432637      0.7053727293157646       -0.9114094227904738      -0.6706551759579485
76                       700                      304.66713211382114       0.22109132250583471      0.7789086774941647       1.5264410048270194       -2.645506120925447
76                       710                      304.66713211382114       0.20543678806913065      0.7945632119309433       0.6548008563041453       -3.0690241556400966
76                       720                      304.66713211382114       0.19583199756666778      0.8041680024335399       -0.2383662031199416      2.7874160824691665
76                       729.9999999999999        304.66713211382114       0.19421117473067845      0.8057888252696437       -1.1419216425369965      2.359196530386377
76                       739.9999999999999        304.66713211382114       0.2008715051468783       0.7991284948529469       -2.0407114362454966      1.9316269984437477
76                       749.9999999999999        304.66713211382114       0.21447059106505242      0.7855294089349987       -2.921507083306075       1.5066808919743155
76                       759.9999999999999        304.66713211382114       0.23243740423446677      0.767562595765486        2.506024822210105        1.0858442948809754
76                       770                      304.66713211382114       0.2517113821921478       0.7482886177983565       1.676582674028655        0.6698299831602132
76                       780                      304.66713211382114       0.26943955689932086      0.7305604431008393       0.8700785003979854       0.25862578230372946
76                       790                      304.66713211382114       0.28328369595871233      0.7167163040413311       0.0810986217693055       -0.1485320444232103
76                       800                      304.66713211382114       0.29174763808057746      0.7082523619201662       -0.6963215272505037      -0.5528199941459591
78                       700                      304.66713211382114       0.22860653109474713      0.7713934689052049       1.782337923457511        -2.525517048062927
78                       710                      304.66713211382114       0.2097690531240839       0.7902309468759148       0.9293429222096551       -2.944856192022126
78                       720                      304.66713211382114       0.19538039439353597      0.8046196056064708       0.049334319887255944     2.9146552947064275
78                       729.9999999999999        304.66713211382114       0.1882106385268982       0.8117893614730939       -0.8500095906109956      2.4882434979802484
78                       739.9999999999999        304.66713211382114       0.1896533311393241       0.8103466688606963       -1.7548599905538953      2.0611181201569138
78                       749.9999999999999        304.66713211382114       0.19942687301491907      0.8005731269851512       -2.649102266571099       1.6353897047788906
78                       759.9999999999999        304.66713211382114       0.21560377078804957      0.7843962292119594       2.762555225072374        1.2130508418522543
78                       770                      304.66713211382114       0.235230464035157        0.7647695359649076       1.9187120850456993       0.7952486262084011
78                       780                      304.66713211382114       0.25512888497653313      0.7448711150234435       1.101341674358343        0.3825241110420155
78                       790                      304.66713211382114       0.2725527501141334       0.7274472498860736       0.30598925775704244      -0.02545954363113552
78                       800                      304.66713211382114       0.2853812258145739       0.7146187741853568       -0.47311623691845384     -0.4295979566719408
79.99999999999999        700                      304.66713211382114       0.23850704788209445      0.7614929521195393       2.039330185191669        -2.401722065477567
79.99999999999999        710                      304.66713211382114       0.21753346580683305      0.7824665341930407       1.2081565383749582       -2.8162286576940776
79.99999999999999        720                      304.66713211382114       0.19900051848137787      0.800999481518399        0.34763465971554963      3.047451395008086
79.99999999999999        729.9999999999999        304.66713211382114       0.18612286834449882      0.8138771316554491       -0.5396792397697957      2.6239844452698637
79.99999999999999        739.9999999999999        304.66713211382114       0.1813694460104232       0.8186305539902832       -1.4437799751047473      2.1982818474072157
79.99999999999999        749.9999999999999        304.66713211382114       0.1857128579313943       0.8142871420684993       -2.348195082083486       1.77253846003495
79.99999999999999        759.9999999999999        304.66713211382114       0.19825800324395432      0.8017419967558442       3.0465657763180807       1.3489096048720357
79.99999999999999        770                      304.66713211382114       0.21658679331446884      0.7834132066855696       2.1847969629833837       0.9292192117017793
79.99999999999999        780                      304.66713211382114       0.23751330459643089      0.762486695403349        1.3522072616750802       0.5144703152285659
79.99999999999999        790                      304.66713211382114       0.25781744526819705      0.7421825547316211       0.546179942675021        0.10489701344759222
79.99999999999999        800                      304.66713211382114       0.27483948015935         0.725160519840774        -0.23868703772455363     -0.2999456426638871
82                       700                      304.66713211382114       0.250083256950088        0.7499167430500508       2.2951808858278504       -2.2744687027037274
82                       710                      304.66713211382114       0.22846296924796608      0.7715370307520878       1.4875182382347816       -2.683473712701209
82                       720                      304.66713211382114       0.2069135677906275       0.7930864322091171       0.65128923490799         -3.0978395318636585
82                       729.9999999999999        304.66713211382114       0.18888551515341376      0.8111144848464839       -0.21590090002877188     2.766035010115711
82                       739.9999999999999        304.66713211382114       0.17752967600225433      0.8224703239976543       -1.1096109964556171      2.3430673301016305
82                       749.9999999999999        304.66713211382114       0.17507819659349977      0.8249218034065771       -2.016960987899911       1.9184014441230284
82                       759.9999999999999        304.66713211382114       0.18198738722687183      0.8180126127731124       -2.919935166848076       1.494257827210054
82                       770                      304.66713211382114       0.19691718186810667      0.8030828181317431       2.48135643134713         1.0728433412546337
82                       780                      304.66713211382114       0.2170500881719213       0.78294991182812         1.6289672283305086       0.6558176623169906
82                       790                      304.66713211382114       0.23899839227032563      0.7610016077296974       0.8070097120010087       0.24402931638742656
82                       800                      304.66713211382114       0.25959080641512416      0.7404091935849868       0.011256405977389444     -0.16251351859176566
84                       700                      304.66713211382114       0.2622738914458314       0.7377261085541584       2.548027820953224        -2.144092634096676
84                       710                      304.66713211382114       0.24169516703909685      0.7583048329606475       1.7641188486859358       -2.5471818997698663
84                       720                      304.66713211382114       0.21887755592402625      0.7811224440759366       0.9544822578494249       -2.9556437075544917
84                       729.9999999999999        304.66713211382114       0.19697295771108864      0.8030270422887681       0.1139320204891027       2.9135771960386503
84                       739.9999999999999        304.66713211382114       0.17944259440519472      0.8205574055948857       -0.7588138358607608      2.494816603089457
84                       749.9999999999999        304.66713211382114       0.16945677846742202      0.8305432215326511       -1.657733750494098       2.0726513071513746
84                       759.9999999999999        304.66713211382114       0.168943193728611        0.8310568062713263       -2.567550902090019       1.649242266236555
84                       770                      304.66713211382114       0.17807285760261538      0.8219271423977484       2.8148221744116095       1.2268555533664136
84                       780                      304.66713211382114       0.1949894793252253       0.8050105206748791       1.939093001998112        0.8076840585388197
84                       790                      304.66713211382114       0.21663898806927184      0.7833610119306847       1.095442614406689        0.39325489949473125
84                       800                      304.66713211382114       0.23947346516916815      0.760526534831024        0.28296867469033754      -0.015742519780788156
85.99999999999999        700                      304.66713211382114       0.27374510499925275      0.7262548950008537       2.797828010745626        -2.0104488596124197
85.99999999999999        710                      304.66713211382114       0.2559895708245313       0.7440104291756979       2.0357596924170447       -2.4076975018986784
85.99999999999999        720                      304.66713211382114       0.23391452853301245      0.7660854714667379       1.2529710909714749       -2.809715238174892
85.99999999999999        729.9999999999999        304.66713211382114       0.21008269295614312      0.7899173070438789       0.4426455681569539       3.0659319974445918
85.99999999999999        739.9999999999999        304.66713211382114       0.1877989724964226       0.8122010275036275       -0.40062487817843473     2.6528038313908744
85.99999999999999        749.9999999999999        304.66713211382114       0.17062059654870226      0.8293794034512871       -1.277694215675003       2.23489731802127
85.99999999999999        759.9999999999999        304.66713211382114       0.16165069009589658      0.8383493099039556       -2.1808912979886785      1.8138173463327114
85.99999999999999        770                      304.66713211382114       0.16270436161047172      0.8372956383895105       -3.092779564206514       1.3918216364257907
85.99999999999999        780                      304.66713211382114       0.17354163828868538      0.8264583617111875       2.291475839339406        0.9712540349671023
85.99999999999999        790                      304.66713211382114       0.19205962609009436      0.8079403739097777       1.4211596921540415       0.5542500950294809
85.99999999999999        800                      304.66713211382114       0.21496492248606705      0.7850350775139769       0.5848029763663956       0.14216328502950845
88                       700                      304.66713211382114       0.28287113503341316      0.7171288649667014       3.0451449666073467       -1.8733242820593474
88                       710                      304.66713211382114       0.2696308295122867       0.7303691704876683       2.302058168867683        -2.265070796119104
88                       720                      304.66713211382114       0.25042164104866854      0.7495783589502653       1.543943484330028        -2.660627444112457
88                       729.9999999999999        304.66713211382114       0.2271069154364635       0.7728930845637618       0.7637834304382733       -3.0611677021551738
88                       739.9999999999999        304.66713211382114       0.20235522180784657      0.7976447781921678       -0.045680814871198835    2.815730737894017
88                       749.9999999999999        304.66713211382114       0.1795323345274013       0.8204676654720968       -0.8898704097285608      2.403800879379495
88                       759.9999999999999        304.66713211382114       0.16236368025984263      0.8376363197400425       -1.7695988491895875      1.9871247479685783
88                       770                      304.66713211382114       0.15396185279818966      0.8460381472021643       -2.6761842755518708      1.5674006721008371
88                       780                      304.66713211382114       0.15598134931049448      0.8440186506894269       2.693213530066406        1.146957689124722
88                       790                      304.66713211382114       0.16800348054456155      0.8319965194554566       1.795095876074617        0.7281613633213324
88                       800                      304.66713211382114       0.18774833367755478      0.8122516663223629       0.9284526235193318       0.3131165387182679
90                       700                      304.66713211382114       0.2878718140586081       0.7121281859414293       -2.9915576271838225      -1.7320654267887425
90                       710                      304.66713211382114       0.28061631068940746      0.7193836893106171       2.563639313479014        -2.1190990688189166
90                       720                      304.66713211382114       0.2662888616364066       0.7337111383635727       1.8269267304203949       -2.508516211191918
90                       729.9999999999999        304.66713211382114       0.24599887266280038      0.7540011273372785       1.0742233206927707       -2.9019824405268917
90                       739.9999999999999        304.66713211382114       0.22162633997828887      0.7783736600217673       0.29848102303930973      2.9825229643137035
90                       749.9999999999999        304.66713211382114       0.19588802282690887      0.8041119771730263       -0.5075774938604988      2.578038135766468
90                       759.9999999999999        304.66713211382114       0.17234374859430568      0.8276562514056692       -1.350370978454009       2.167738601742246
90                       770                      304.66713211382114       0.15471400602376273      0.845285993976059        -2.2306913624734497      1.752686514535497
90                       780                      304.66713211382114       0.1462103209373614       0.8537896790631047       -3.1397733356055233      1.3345587229609897
90                       790                      304.66713211382114       0.14850132353786769      0.8514986764616763       2.226961551275501        0.9156992067425375
90                       800                      304.66713211382114       0.16109629746819223      0.8389037025315689       1.3279351483217985       0.4985869529634821
91.99999999999999        700                      304.66713211382114       0.28686565662202307      0.7131343433780364       -2.742785388426503       -1.5854511491763081
91.99999999999999        710                      304.66713211382114       0.2867923592071102       0.7132076407929713       2.8230519369982545       -1.9688969254941127
91.99999999999999        720                      304.66713211382114       0.2790224303084187       0.7209775696886794       2.102874464720074        -2.353162429497958
91.99999999999999        729.9999999999999        304.66713211382114       0.2640965798565503       0.7359034201435231       1.3732424165283916       -2.740046868695261
91.99999999999999        739.9999999999999        304.66713211382114       0.24309335306492466      0.7569066469349578       0.6275556642729642       -3.131061120136129
91.99999999999999        749.9999999999999        304.66713211382114       0.21782620597550076      0.7821737940242673       -0.14111119340395048     2.7559329321414445
91.99999999999999        759.9999999999999        304.66713211382114       0.19116256884597838      0.8088374311540192       -0.9411565614328902      2.353711689982442
91.99999999999999        770                      304.66713211382114       0.16651856396992465      0.8334814360301306       -1.7790999875809712      1.9456559597019483
91.99999999999999        780                      304.66713211382114       0.14782936203446248      0.8521706379656102       -2.657322214327518       1.532669345566413
91.99999999999999        790                      304.66713211382114       0.1384434830713767       0.8615565169286427       2.7156962352373464       1.1163377819876241
91.99999999999999        800                      304.66713211382114       0.14010290871226147      0.8598970912877947       1.7957652867069058       0.6991894478807524
94                       700                      304.66713211382114       0.2779711894399038       0.7220288105599628       -2.4867436289823095      -1.4315304377909677
94                       710                      304.66713211382114       0.2858794558877536       0.7141205441122486       3.084206436810291        -1.812963091169853
94                       720                      304.66713211382114       0.28601757911309195      0.7139824208868905       2.3751468998793346       -2.193490655195858
94                       729.9999999999999        304.66713211382114       0.27833086699497234      0.7216691330051236       1.6630883910793828       -2.574869515232081
94                       739.9999999999999        304.66713211382114       0.26329841243337604      0.7367015875666589       0.9421954420421286       -2.958765099383252
94                       749.9999999999999        304.66713211382114       0.24199550489099422      0.7580044951090785       0.2055728560768907       2.9363781943793654
94                       759.9999999999999        304.66713211382114       0.2161734837700517       0.7838265162299067       -0.5536565946605227      2.5431716338390604
94                       770                      304.66713211382114       0.18850155109773925      0.8114984489021454       -1.3440817271957488      2.1438727144609033
94                       780                      304.66713211382114       0.16249644509096614      0.8375035549091577       -2.173282744031085       1.7386238762481776
94                       790                      304.66713211382114       0.14208681807420756      0.8579131819258772       -3.0455099945117556      1.3281659165768491
94                       800                      304.66713211382114       0.130830377000042        0.8691696230000787       2.32857223113161         0.9140474812975066
96                       700                      304.66713211382114       0.2593864565108496       0.7406135434891834       -2.2165283918633047      -1.2677409150824102
96                       710                      304.66713211382114       0.27560689143484596      0.7243931085651818       -2.930454130456234       -1.649137541362595
96                       720                      304.66713211382114       0.28446350441123025      0.7155364955887568       2.648283898801958        -2.02780582903908
96                       729.9999999999999        304.66713211382114       0.28546473284662         0.714535267153331        1.947558989194998        -2.405349002812965
96                       739.9999999999999        304.66713211382114       0.2785627813028286       0.7214372186970371       1.2445818678770308       -2.783575059213988
96                       749.9999999999999        304.66713211382114       0.26412549717425443      0.7358745028256076       0.5335099052174903       3.119014316042534
96                       759.9999999999999        304.66713211382114       0.24307497853845486      0.7569250214615443       -0.19178445911499664     2.7346090044500855
96                       770                      304.66713211382114       0.21706136522265704      0.7829386347774446       -0.9387240936519785      2.3450055474117018
96                       780                      304.66713211382114       0.18854068341431107      0.8114593165854996       -1.7156022888527251      1.9494201473375508
96                       790                      304.66713211382114       0.1608835223505156       0.8391164776495883       -2.531126984680178       1.5477190287365554
96                       800                      304.66713211382114       0.13809394747851994      0.8619060525212902       2.891070318418428        1.1403616618309342
97.99999999999999        700                      304.66713211382114       0.22996246650532454      0.7700375334946994       -1.9213633639240753      -1.0906472388424915
97.99999999999999        710                      304.66713211382114       0.25396100215719075      0.7460389978427462       -2.6457872747586557      -1.4740925410263435
97.99999999999999        720                      304.66713211382114       0.2717813288174163       0.7282186711827394       2.9299519976980806       -1.8531144814758038
97.99999999999999        729.9999999999999        304.66713211382114       0.28233049679594296      0.7176695032041073       2.233095337971599        -2.229055974319051
97.99999999999999        739.9999999999999        304.66713211382114       0.2849863749455994       0.7150136250541415       1.5408656050497822       -2.6035911137882017
97.99999999999999        749.9999999999999        304.66713211382114       0.279644603123463        0.7203553968765449       0.8474616106740361       -2.978477379192195
97.99999999999999        759.9999999999999        304.66713211382114       0.2665872916150792       0.7334127083849191       0.14766876362712844      2.9279114229622096
97.99999999999999        770                      304.66713211382114       0.2465458322356767       0.7534541677644154       -0.5646313047639584      2.5475303015786985
97.99999999999999        780                      304.66713211382114       0.2209109423164858       0.7790890576833044       -1.2965245552759403      2.162305345348248
97.99999999999999        790                      304.66713211382114       0.19186602249575574      0.8081339775042201       -2.055923906878763       1.7712114119104156
97.99999999999999        800                      304.66713211382114       0.1625761888336703       0.8374238111663478       -2.8525069363558764      1.3737732377831513
100                      700                      304.66713211382114       0.19003334324646948      0.8099666567535894       -1.583971913126072       -0.8960212193108905
100                      710                      304.66713211382114       0.21974601860259108      0.7802539813977065       -2.331368639978998       -1.283624958192327
100                      720                      304.66713211382114       0.24568464567914058      0.7543153543208392       -3.0520922308708345      -1.6654067507334518
100                      729.9999999999999        304.66713211382114       0.2658371524177897       0.7341628475820536       2.529146330832237        -2.042324795662824
100                      739.9999999999999        304.66713211382114       0.27882728636319914      0.7211727136369669       1.8389367889680133       -2.415808599809337
100                      749.9999999999999        304.66713211382114       0.28403190473186657      0.7159680952681331       1.154967085743231        -2.7873956650056004
100                      759.9999999999999        304.66713211382114       0.28119525494827907      0.7188047450517248       0.4717381874541406       3.1244339267342425
100                      770                      304.66713211382114       0.2704422014920172       0.7295577985077352       -0.21598732401561033     2.7516796335134734
100                      780                      304.66713211382114       0.25233371157938894      0.747666288420647        -0.913873804748826       2.375928644449263
100                      790                      304.66713211382114       0.22792489067493327      0.7720751093265772       -1.6282720255836105      1.9957050068869724
100                      800                      304.66713211382114       0.19907254256177273      0.8009274574382332       -2.366928766584786       1.6098859841578714
101.99999999999999       700                      304.66713211382114       0.14315526580869778      0.8568447341933983       -1.1745009854505553      -0.6796486500003772
101.99999999999999       710                      304.66713211382114       0.17401946991096717      0.825980530088892        -1.964780113298128       -1.0727546726759827
101.99999999999999       720                      304.66713211382114       0.20529236477847915      0.7947076352214055       -2.714245427306916       -1.4594813004579303
101.99999999999999       729.9999999999999        304.66713211382114       0.23362839391405338      0.7663716060859034       2.849496733506465        -1.8401048053842277
101.99999999999999       739.9999999999999        304.66713211382114       0.25671858421848326      0.7432814157818968       2.1509671102891486       -2.215507817839498
101.99999999999999       749.9999999999999        304.66713211382114       0.27304133922515866      0.7269586607746309       1.466526720627315        -2.5868846602626197
101.99999999999999       759.9999999999999        304.66713211382114       0.28172809449037295      0.7182719055096236       0.7903795183137513       -2.955671929748305
101.99999999999999       770                      304.66713211382114       0.282426771846089        0.7175732281539543       0.11700335016949144      2.9596236227402857
101.99999999999999       780                      304.66713211382114       0.2750922447365897       0.7249077552633855       -0.5583791736153705      2.59110695631917
101.99999999999999       790                      304.66713211382114       0.2600372042397941       0.7399627957602765       -1.241147375279898       2.2202389143166337
101.99999999999999       800                      304.66713211382114       0.2380285011946017       0.761971498805161        -1.9368472843090454      1.8455951595848765
103.99999999999999       700                      304.66713211382114       0.09859752314570246      0.9014024768544586       -0.6386028000779788      -0.43815842841002506
103.99999999999999       710                      304.66713211382114       0.1227262298770024       0.8772737701229648       -1.5039754664031364      -0.8365129116279377
103.99999999999999       720                      304.66713211382114       0.15310826168219382      0.8468917383178093       -2.308561777663812       -1.2293261684009311
103.99999999999999       729.9999999999999        304.66713211382114       0.18558922036790867      0.8144107796319644       -3.0656145559839083      -1.6159269259777373
103.99999999999999       739.9999999999999        304.66713211382114       0.21646362007031922      0.7835363799301397       2.495343818861306        -1.9962022376004904
103.99999999999999       749.9999999999999        304.66713211382114       0.2430714220909443       0.7569285779089234       1.7977368653721353       -2.3707599263797756
103.99999999999999       759.9999999999999        304.66713211382114       0.26348734911721         0.7365126508825345       1.117132792542967        -2.740609529716868
103.99999999999999       770                      304.66713211382114       0.2766496419525949       0.7233503580474575       0.44722097962525315      -3.1071619671672184
103.99999999999999       780                      304.66713211382114       0.2819758417317081       0.7180241582681394       -0.21706327568447029     2.811338319506651
103.99999999999999       790                      304.66713211382114       0.27925357143518914      0.7207464285650642       -0.8807738801040407      2.446878221593092
103.99999999999999       800                      304.66713211382114       0.26858891479953256      0.731411085200376        -1.5483327835276897      2.0810894960522472
106                      700                      304.66713211382114       0.07156441765151214      0.9284355823484364       0.09293682639866303      -0.17183862910519201
106                      710                      304.66713211382114       0.07930885089573295      0.9206911491042044       -0.8696830778405731      -0.5722688441064877
106                      720                      304.66713211382114       0.09883681709598713      0.9011631829040568       -1.7727944855760949      -0.9699284941568352
106                      729.9999999999999        304.66713211382114       0.1269816107447774       0.8730183892551849       -2.6049905306566408      -1.3630276166576278
106                      739.9999999999999        304.66713211382114       0.15962313541602827      0.8403768645839353       2.9045866217511174       -1.7501856442082537
106                      749.9999999999999        304.66713211382114       0.19267839595075184      0.807321604049234        2.173600472573517        -2.1309715420490183
106                      759.9999999999999        304.66713211382114       0.2229585685737456       0.7770414314262163       1.4726629207209359       -2.5056139092799237
106                      770                      304.66713211382114       0.2481425052518654       0.7518574947478986       0.7927766764337749       -2.874896417034675
106                      780                      304.66713211382114       0.26668078251251753      0.7333192174873099       0.12688899461721664      3.0432257540118974
106                      790                      304.66713211382114       0.2777825951443247       0.7222174048556289       -0.5303384383568711      2.681022215185365
106                      800                      304.66713211382114       0.28096349599500325      0.7190365040050097       -1.1834620245390683      2.3202318630826286
107.99999999999999       700                      304.66713211382114       0.0773409819555068       0.9226590180445864       0.9496442595891569       0.11367750741026778
107.99999999999999       710                      304.66713211382114       0.06311820031354515      0.9368817996864724       0.0022816577789387216    -0.2824829514243032
107.99999999999999       720                      304.66713211382114       0.06181195119857796      0.9381880488012616       -0.9902952750216998      -0.6801928830100448
107.99999999999999       729.9999999999999        304.66713211382114       0.07359749424864788      0.9264025057510735       -1.951391770561369       -1.0768260394744107
107.99999999999999       739.9999999999999        304.66713211382114       0.09654789680456187      0.9034521031952824       -2.833643758546771       -1.4701637375924745
107.99999999999999       749.9999999999999        304.66713211382114       0.12697587363794002      0.8730241263620216       2.6430300607677677       -1.8585319597352001
107.99999999999999       759.9999999999999        304.66713211382114       0.16084826273762015      0.8391517372626696       1.8927590195632609       -2.2407557464798296
107.99999999999999       770                      304.66713211382114       0.19433667675936173      0.8056633232407143       1.181604617036603        -2.6166320659186337
107.99999999999999       780                      304.66713211382114       0.22442131569929868      0.7755786843005972       0.4973857978586735       -2.9865632019677313
107.99999999999999       790                      304.66713211382114       0.24906210638118692      0.7509378936190401       -0.16799566293318824     2.9318743574957384
107.99999999999999       800                      304.66713211382114       0.266895745231914        0.7331042547680702       -0.8210425613265677      2.5710105336435394
109.99999999999999       700                      304.66713211382114       0.11901531969843106      0.8809846803016232       1.6796566496514191       0.40771042968468035
109.99999999999999       710                      304.66713211382114       0.08778266958349501      0.9122173304167184       0.8852351188635882       0.023045707422679206
109.99999999999999       720                      304.66713211382114       0.0640276374149331       0.9359723625850461       0.00829181696234714      -0.36666170918250174
109.99999999999999       729.9999999999999        304.66713211382114       0.051283208022586575     0.9487167919790821       -0.9640485042152281      -0.7597129139750858
109.99999999999999       739.9999999999999        304.66713211382114       0.051661109962673174     0.9483388900373316       -1.9828218204687644      -1.1539099272466353
109.99999999999999       749.9999999999999        304.66713211382114       0.06507905066976864      0.9349209493302029       -2.9504681890821183      -1.5468567022012105
109.99999999999999       759.9999999999999        304.66713211382114       0.08934346181390336      0.9106565381860485       2.4610128496163344       -1.9363158454927616
109.99999999999999       770                      304.66713211382114       0.12087123453298537      0.8791287654669843       1.6702935603948221       -2.320697432504351
109.99999999999999       780                      304.66713211382114       0.15548086706054112      0.8445191329394113       0.9357140583137841       -2.6990328241461508
109.99999999999999       790                      304.66713211382114       0.1895813061243599       0.810418693875703        0.23893968222534864      -3.0710298605601465
109.99999999999999       800                      304.66713211382114       0.22018995672480315      0.7798100432752865       -0.4323963103543145      2.8459444701591305
112                      700                      304.66713211382114       0.18135149100656325      0.8186485089935112       2.2307440942373526       0.699698405508168
112                      710                      304.66713211382114       0.14653879289269414      0.85346120710737         1.5469668732912312       0.3311624859613316
112                      720                      304.66713211382114       0.11140939547622226      0.8885906045240339       0.8260814982087907       -0.04361010980460234
112                      729.9999999999999        304.66713211382114       0.07951534675372714      0.920484653246264        0.04812227798059225      -0.42426419046331093
112                      739.9999999999999        304.66713211382114       0.054869359452777385     0.9451306405471454       -0.8187083195582062      -0.8099333508447734
112                      749.9999999999999        304.66713211382114       0.04103305296880978      0.9589669470311343       -1.8020052361805237      -1.199015664467369
112                      759.9999999999999        304.66713211382114       0.04015172521721785      0.9598482747827994       -2.8575277999126887      -1.5893831209908889
112                      770                      304.66713211382114       0.05239760667819395      0.9476023933219465       2.427864351774153        -1.978822304069865
112                      780                      304.66713211382114       0.07582667180675465      0.9241733281931899       1.5469577735267757       -2.3649894269347747
112                      790                      304.66713211382114       0.10699307109970367      0.8930069289000545       0.7595309088391765       -2.746371085660506
112                      800                      304.66713211382114       0.1419127564829982       0.8580872435170107       0.03266567291580547      -3.1219016186754316
113.99999999999999       700                      304.66713211382114       0.23969872024618555      0.7603012797546884       2.6678871140612603       0.9848812352483952
113.99999999999999       710                      304.66713211382114       0.21401898663141003      0.785981013368802        2.042264913247403        0.6322330649545488
113.99999999999999       720                      304.66713211382114       0.18297467343156207      0.8170253265683959       1.40238133530295         0.2747950990367901
113.99999999999999       729.9999999999999        304.66713211382114       0.14836713549952815      0.8516328645004674       0.7414484274229175       -0.08834686699557256
113.99999999999999       739.9999999999999        304.66713211382114       0.11261596817253246      0.8873840318274808       0.05008663493064603      -0.4573323594834492
113.99999999999999       749.9999999999999        304.66713211382114       0.07911514037283483      0.9208848596269484       -0.690213198192619       -0.8322847909898696
113.99999999999999       759.9999999999999        304.66713211382114       0.05165956124901619      0.9483404387510235       -1.5117921183353833      -1.2124268968815062
113.99999999999999       770                      304.66713211382114       0.03383884113195452      0.9661611588669818       -2.4657972491490394      -1.5964539567202312
113.99999999999999       780                      304.66713211382114       0.028341049345868317     0.9716589506540367       2.7248216944584205       -1.9824055088851524
113.99999999999999       790                      304.66713211382114       0.03600604810354235      0.9639939518962762       1.6491691994630435       -2.3681955683309788
113.99999999999999       800                      304.66713211382114       0.055670394481495265     0.9443296055184609       0.7206719160438032       -2.7516906491279873
115.99999999999999       700                      304.66713211382114       0.2724224405815087       0.7275775594184043       3.0417186499060334       1.2678718964993818
115.99999999999999       710                      304.66713211382114       0.2625773028744719       0.7374226971256667       2.4467639086028643       0.926752275077828
115.99999999999999       720                      304.66713211382114       0.24584573411941202      0.7541542658804833       1.8474911241812486       0.5835163606408121
115.99999999999999       729.9999999999999        304.66713211382114       0.22270502462113276      0.777294975378712        1.2410862219019454       0.23703414953026478
115.99999999999999       739.9999999999999        304.66713211382114       0.19387387924820726      0.8061261207518544       0.624331870770866        -0.11365013962841228
115.99999999999999       749.9999999999999        304.66713211382114       0.16069932569648937      0.8393006743035498       -0.007493426761909721    -0.4694514564295309
115.99999999999999       759.9999999999999        304.66713211382114       0.12507064067791368      0.8749293593221561       -0.6608715171881973      -0.8308668816858913
115.99999999999999       770                      304.66713211382114       0.08978879122959434      0.9102112087703433       -1.3475485548158683      -1.1980933645387264
115.99999999999999       780                      304.66713211382114       0.05827146337592682      0.941728536624154        -2.0905442117284907      -1.5707252920527972
115.99999999999999       790                      304.66713211382114       0.03413038347511484      0.9658696165247578       -2.939049753639084       -1.948002435002972
115.99999999999999       800                      304.66713211382114       0.02057080269807082      0.9794291973017757       2.305148235697001        -2.328229655927976
118                      700                      304.66713211382114       0.26409321049561446      0.7359067895043411       -2.8976984423681573      1.562214538415164
118                      710                      304.66713211382114       0.2722868189685157       0.727713181031303        2.805269259513211        1.2261240115674807
118                      720                      304.66713211382114       0.27373290705953174      0.7262670929404056       2.2261619758139086       0.8907517038673419
118                      729.9999999999999        304.66713211382114       0.2684444941328766       0.731555505867269        1.6466723247183255       0.5551176378001912
118                      739.9999999999999        304.66713211382114       0.25649803127924187      0.7435019687175594       1.0646954974385545       0.21808561589698977
118                      749.9999999999999        304.66713211382114       0.23812150555721304      0.7618784944430105       0.4787201402936626       -0.12122995245129041
118                      759.9999999999999        304.66713211382114       0.21377582036940307      0.7862241796307268       -0.11399251166246394     -0.4639605418190275
118                      770                      304.66713211382114       0.18418270684809554      0.815817293151983        -0.7156152962763318      -0.8108854687880263
118                      780                      304.66713211382114       0.15069462650383822      0.8493053734961734       -1.3301002096723915      -1.162727830237231
118                      790                      304.66713211382114       0.11521906130947357      0.8847809386905352       -1.9625124693449951      -1.519963295969586
118                      800                      304.66713211382114       0.08038701377163306      0.9196129862283113       -2.62308827886353        -1.882746813961858
120                      700                      304.66713211382114       0.20447908279414748      0.7955209172058073       -2.5583300827076         1.89061183853989
120                      710                      304.66713211382114       0.22971095142570588      0.7702890485741831       -3.135623898666672       1.5518495704390636
120                      720                      304.66713211382114       0.24952290288281154      0.7504770971175024       2.576005661412907        1.216581965468373
120                      729.9999999999999        304.66713211382114       0.2634098386027148       0.7365901613972139       2.007736334054903        0.8836659166950438
120                      739.9999999999999        304.66713211382114       0.27108592238264545      0.7289140776172208       1.442009620603067        0.5524299340001834
120                      749.9999999999999        304.66713211382114       0.27253137072736355      0.7274686292725141       0.8775134854277453       0.2219870748097997
120                      759.9999999999999        304.66713211382114       0.2676133921827147       0.7323866078171857       0.3121765293462787       -0.10889283162418865
120                      770                      304.66713211382114       0.2564713870987976       0.7435286129010724       -0.25468037418676875     -0.4409096177064487
120                      780                      304.66713211382114       0.23928098774750095      0.7607190122525888       -0.8244898967202097      -0.7749662034247528
120                      790                      304.66713211382114       0.2163547696008283       0.7836452304035325       -1.3994781246095915      -1.1122122160184693
120                      800                      304.66713211382114       0.18841142790745635      0.8115885720925413       -1.9799213763633305      -1.4530225860503112
