% Model:              nanoholes_rw_sweep.mph
% Version:            COMSOL 6.0.0.405
% Date:               Apr 9 2024, 10:44
% Table:              Table 1 - Global Evaluation 1
% r (nm)                 h_meta (nm)              freq (THz)               reflection (1)           transmission (1)         reflection_phi (rad)     transmission_phi (rad)
19.999999999999996       1100                     304.66713211382114       0.2989706895265486       0.7010293104734429       -0.00808498946417366     2.936873067605537
19.999999999999996       1110                     304.66713211382114       0.3010361413155549       0.6989638586845021       -0.8927518876413254      2.494924403352168
19.999999999999996       1120                     304.66713211382114       0.30311275161180645      0.6968872483881686       -1.7745380340046508      2.053639725516306
19.999999999999996       1129.9999999999998       304.66713211382114       0.3047839198209179       0.6952160801792013       -2.65374695832077        1.6129459040899143
19.999999999999996       1140                     304.66713211382114       0.30576013500391286      0.6942398649960392       2.752018845665416        1.1726976828294617
19.999999999999996       1149.9999999999998       304.66713211382114       0.3058425687992603       0.6941574312007374       1.8752629181215934       0.7325767880680812
19.999999999999996       1160                     304.66713211382114       0.305037985876839        0.6949620141231901       0.9981025759981911       0.2924036911311579
19.999999999999996       1169.9999999999998       304.66713211382114       0.3034729546431555       0.6965270453569226       0.11928271945600133      -0.14818104366095583
19.999999999999996       1180                     304.66713211382114       0.30146577250146966      0.69853422749862         -0.7620572260283389      -0.5893843019968644
19.999999999999996       1190                     304.66713211382114       0.29937065812323504      0.7006293418768375       -1.6460644617898814      -1.0311728935906177
19.999999999999996       1200                     304.66713211382114       0.2975941746417055       0.7024058253581335       -2.5328223065452917      -1.4736037732255622
22                       1100                     304.66713211382114       0.2970696172602643       0.702930382739947        0.1011750372519283       2.991890469238036
22                       1110                     304.66713211382114       0.2994417195886014       0.7005582804113731       -0.7834262418874209      2.550229859405093
22                       1120                     304.66713211382114       0.3019176722196912       0.6980823277803454       -1.6647126963659902      2.1093287784195525
22                       1129.9999999999998       304.66713211382114       0.3040393254285533       0.6959606745713773       -2.542843117994444       1.6691644573711863
22                       1140                     304.66713211382114       0.3053951245422197       0.6946048754577514       2.8645787491502506       1.2295472908929175
22                       1149.9999999999998       304.66713211382114       0.30573457813969646      0.6942654218602023       1.989909088124541        0.7901989293520467
22                       1160                     304.66713211382114       0.305033519455561        0.6949664805443824       1.1150785396782967       0.3508163575548071
22                       1169.9999999999998       304.66713211382114       0.30339160174152185      0.6966083982583798       0.2385802770662993       -0.08897989747930944
22                       1180                     304.66713211382114       0.30109520094262465      0.6989047990572173       -0.6405702934685383      -0.5293801153999658
22                       1190                     304.66713211382114       0.29861352276280245      0.701386477237007        -1.522955819565142       -0.9705172501118767
22                       1200                     304.66713211382114       0.2963940844170185       0.703605915583055        -2.4086209393486433      -1.412435625040044
24                       1100                     304.66713211382114       0.29491072626532766      0.7050892737345962       0.217171887335401        3.0501937229660405
24                       1110                     304.66713211382114       0.2975753803645624       0.7024246196353836       -0.6676379630892497      2.6087575487030854
24                       1120                     304.66713211382114       0.3004740665834184       0.699525933416622        -1.5485432622589246      2.168233299232698
24                       1129.9999999999998       304.66713211382114       0.30307528933853545      0.6969247106615414       -2.4257965650543465      1.728545599673667
24                       1140                     304.66713211382114       0.30486506478752057      0.6951349352125549       2.983158520339862        1.2895713630166272
24                       1149.9999999999998       304.66713211382114       0.30557628196511405      0.6944237180347855       2.1106393967312167       0.8510193241341322
24                       1160                     304.66713211382114       0.30505787806820545      0.6949421219318969       1.2382080849810542       0.41246985090670896
24                       1169.9999999999998       304.66713211382114       0.30336869288159524      0.6966313071181772       0.3643238868677784       -0.02644059138068386
24                       1180                     304.66713211382114       0.3009011856628205       0.699098814337111        -0.5124437425820765      -0.46600130904737413
24                       1190                     304.66713211382114       0.29803002484027574      0.7019699751598111       -1.392784305566929       -0.9064030598132646
24                       1200                     304.66713211382114       0.29530666356802504      0.7046933364319818       -2.2769565486509262      -1.347684559754413
25.999999999999996       1100                     304.66713211382114       0.2925350467037742       0.7074649532963205       0.3398559288628577       3.111668366478276
25.999999999999996       1110                     304.66713211382114       0.29539720373946954      0.7046027962606045       -0.5453263693993459      2.6704609066209075
25.999999999999996       1120                     304.66713211382114       0.29868944196925395      0.7013105580307183       -1.4262403813647628      2.230228559851347
25.999999999999996       1129.9999999999998       304.66713211382114       0.3018142205028884       0.6981857794971644       -2.3028101914416523      1.7909896868494513
25.999999999999996       1140                     304.66713211382114       0.3041347102656814       0.6958652897342715       3.1075090896755064       1.3526154346156012
25.999999999999996       1149.9999999999998       304.66713211382114       0.30529392250483917      0.6947060774951247       2.237043270872292        0.9148319166331429
25.999999999999996       1160                     304.66713211382114       0.3050751965208045       0.6949248034792713       1.3670426666129043       0.47714641609531605
25.999999999999996       1169.9999999999998       304.66713211382114       0.30350089274285036      0.6964991072571652       0.49582440007348355      0.03916315145108385
25.999999999999996       1180                     304.66713211382114       0.30086812012622705      0.6991318798737148       -0.3780541777003273      -0.3994488623752015
25.999999999999996       1190                     304.66713211382114       0.2976461279133349       0.7023538720867596       -1.255985248199672       -0.8389916149602401
25.999999999999996       1200                     304.66713211382114       0.2944189298400776       0.7055810701598435       -2.1382727357599984      -1.2795412189403947
28                       1100                     304.66713211382114       0.28991529746586603      0.7100847025341643       0.4692362442858771       -3.106904895926334
28                       1110                     304.66713211382114       0.2929351803904615       0.7070648196094232       -0.4166479590992497      2.7352367019408836
28                       1120                     304.66713211382114       0.2965943206788897       0.7034056793211765       -1.297787256839307       2.2952764043115863
28                       1129.9999999999998       304.66713211382114       0.3002408194243495       0.6997591805756952       -2.1739352245854         1.8564357185577525
28                       1140                     304.66713211382114       0.30314302042122987      0.6968569795785673       -3.045723657482584       1.418611105398472
28                       1149.9999999999998       304.66713211382114       0.304845582909158        0.6951544170909775       2.3688461265249217       0.9815584300916979
28                       1160                     304.66713211382114       0.30503710624489444      0.6949628937550164       1.5013517609786993       0.5447635320635239
28                       1169.9999999999998       304.66713211382114       0.30366544874416895      0.6963345512556884       0.6331427398736733       0.10780255836471493
28                       1180                     304.66713211382114       0.3009720122865103       0.6990279877136679       -0.23780760833897255     -0.32981299350203724
28                       1190                     304.66713211382114       0.2974691438881851       0.7025308561117389       -1.1128359455649575      -0.76838277134097
28                       1200                     304.66713211382114       0.29375106670613815      0.7062489332938977       -1.9928637103800941      -1.2081134657090244
30                       1100                     304.66713211382114       0.28710214509334014      0.7128978549068372       0.6054018078354524       -3.0391452857179564
30                       1110                     304.66713211382114       0.29015308242525245      0.7098469175748067       -0.281279841849206       2.8031676829144576
30                       1120                     304.66713211382114       0.2941246253727673       0.7058753746275563       -1.1630557576731975      2.3633737130263786
30                       1129.9999999999998       304.66713211382114       0.29830085731058736      0.7016991426894521       -2.0392229781464764      1.924864729904153
30                       1140                     304.66713211382114       0.30184933637094596      0.6981506636290071       -2.91017401415889        1.4875509101409767
30                       1149.9999999999998       304.66713211382114       0.30419090584032077      0.695809094159744        2.5059880110518313       1.051180716859897
30                       1160                     304.66713211382114       0.304895171706966        0.6951048282930933       1.6410247371049462       0.6152924334778377
30                       1169.9999999999998       304.66713211382114       0.3038740619474684       0.6961259380524266       0.775799788478331        0.17934816531126657
30                       1180                     304.66713211382114       0.3012491685859431       0.6987508314142061       -0.09192454176285693     -0.25721360011877337
30                       1190                     304.66713211382114       0.29752961536128525      0.7024703846388003       -0.96369932509974        -0.6946973488345115
30                       1200                     304.66713211382114       0.29339163046412703      0.7066083695357597       -1.8409230680926065      -1.133458576213058
31.999999999999996       1100                     304.66713211382114       0.28411919888224324      0.7158808011178731       0.748379576209977        -2.9682883622402647
31.999999999999996       1110                     304.66713211382114       0.28707639166875054      0.7129236083313357       -0.13933543815699778     2.87416986227256
31.999999999999996       1120                     304.66713211382114       0.2912710390510642       0.7087289609489353       -1.0219556214188537      2.4345416574400565
31.999999999999996       1129.9999999999998       304.66713211382114       0.2959452662865278       0.7040547337127679       -1.8984951436005457      1.9962836068048522
31.999999999999996       1140                     304.66713211382114       0.30016015824233255      0.6998398417576398       -2.769045459824357       1.5593741762303668
31.999999999999996       1149.9999999999998       304.66713211382114       0.30325210213791093      0.6967478978620381       2.6485611844744144       1.1236785961018025
31.999999999999996       1160                     304.66713211382114       0.3046037730260808       0.6953962269738531       1.7858365666348381       0.6886561733902232
31.999999999999996       1169.9999999999998       304.66713211382114       0.30406018020479175      0.6959398197952036       0.9235654019153329       0.2537276056950982
31.999999999999996       1180                     304.66713211382114       0.30165112911289227      0.6983488708870674       0.05929706903100272      -0.1816965906516777
31.999999999999996       1190                     304.66713211382114       0.29786492309259416      0.7021350769075739       -0.8088896713792881      -0.6179987530186397
31.999999999999996       1200                     304.66713211382114       0.29329288216889693      0.7067071178310982       -1.6827086196802035      -1.055645115023229
33.99999999999999        1100                     304.66713211382114       0.2810280312162757       0.7189719687837821       0.8985955186694197       -2.8942119442045926
33.99999999999999        1110                     304.66713211382114       0.2837507956424004       0.7162492043576852       0.009630713763636937     2.9483491073430548
33.99999999999999        1120                     304.66713211382114       0.2880494239596363       0.7119505760403312       -0.8742160917052695      2.5088315191403407
33.99999999999999        1129.9999999999998       304.66713211382114       0.29315019586756963      0.7068498041325191       -1.7515026565800667      2.070780573382339
33.99999999999999        1140                     304.66713211382114       0.2980589520992368       0.7019410479009536       -2.6220829518675997      1.6342059039388526
33.99999999999999        1149.9999999999998       304.66713211382114       0.301912032837121        0.6980879671627143       2.7965207220654604       1.1990615582197943
33.99999999999999        1160                     304.66713211382114       0.3040654115012661       0.6959345884985547       1.935722596773198        0.7648317304334915
33.99999999999999        1169.9999999999998       304.66713211382114       0.30415172805512486      0.6958482719446412       1.076288569420062        0.33088990154970704
33.99999999999999        1180                     304.66713211382114       0.30214350132018697      0.6978564986799594       0.21575601623342172      -0.10329564594814968
33.99999999999999        1190                     304.66713211382114       0.2983741101604353       0.7016258898394789       -0.6485462844695644      -0.5383530609823937
33.99999999999999        1200                     304.66713211382114       0.29355009170308694      0.7064499082969558       -1.5186502379199656      -0.974812219794501
36                       1100                     304.66713211382114       0.2778905224508419       0.7221094775492503       1.0561585203255008       -2.816872927614109
36                       1110                     304.66713211382114       0.28018789809377737      0.7198121019060624       0.16602357044381424      3.0258416829309325
36                       1120                     304.66713211382114       0.2844502157328741       0.7155497842672593       -0.7193490166721197      2.5863828510847964
36                       1129.9999999999998       304.66713211382114       0.28988494402088977      0.7101150559791579       -1.5979178619894623      2.1484183837613573
36                       1140                     304.66713211382114       0.29543723997940663      0.7045627600206973       -2.468940018593696       1.712124259709908
36                       1149.9999999999998       304.66713211382114       0.3001140531225966       0.6998859468769506       2.9500046519970358       1.2773903248882972
36                       1160                     304.66713211382114       0.3031971740355591       0.6968028259645223       2.0908789299567623       0.8439046768538033
36                       1169.9999999999998       304.66713211382114       0.30407274719708266      0.6959272528028219       1.23424738093568         0.4109934167721887
36                       1180                     304.66713211382114       0.30260657067037494      0.697393429329486        0.3772227222318213       -0.022024872297513078
36                       1190                     304.66713211382114       0.2991182600681982       0.7008817399316267       -0.48301919855427655     -0.4558059513737708
36                       1200                     304.66713211382114       0.2941752427878947       0.7058247572121229       -1.3488165003398294      -0.8908992292651353
38                       1100                     304.66713211382114       0.2748603533224195       0.7251396466775399       1.2215321595738164       -2.736109295116238
38                       1110                     304.66713211382114       0.276499757802921        0.7235002421969065       0.3302053356120996       3.1067676126558927
38                       1120                     304.66713211382114       0.28048439792875784      0.7195156020577939       -0.557006663226886       2.6673111630099164
38                       1129.9999999999998       304.66713211382114       0.2861218083192275       0.7138781916805974       -1.437278900426996       2.22938040545971
38                       1140                     304.66713211382114       0.2922500927806131       0.7077499072193507       -2.3094630960491593      1.793186708002524
38                       1149.9999999999998       304.66713211382114       0.29783171474220976      0.7021682852572484       3.1094938878781475       1.3588430124439186
38                       1160                     304.66713211382114       0.3018668981564898       0.6981331018435959       2.251470153893315        0.9259570028806589
38                       1169.9999999999998       304.66713211382114       0.30369204187647325      0.696307958123543        1.3972465714698585       0.4939792285894853
38                       1180                     304.66713211382114       0.3030289744449838       0.6969710255549959       0.543574233328694        0.06210721576347238
38                       1190                     304.66713211382114       0.2999990049928124       0.7000009950072801       -0.31237438613446206     -0.37029685551884955
38                       1200                     304.66713211382114       0.29506812135574345      0.7049318786442552       -1.1733948739798534      -0.8039017189117454
39.99999999999999        1100                     304.66713211382114       0.2720196158107622       0.7279803841894018       1.3946829400007263       -2.651953799795874
39.99999999999999        1110                     304.66713211382114       0.2727497983316328       0.7272502016682966       0.5024563860459701       -3.0920058567397515
39.99999999999999        1120                     304.66713211382114       0.2762735002311399       0.7237264997686981       -0.38655548120977057     2.751786860009279
39.99999999999999        1129.9999999999998       304.66713211382114       0.28188150270047596      0.7181184972993637       -1.2690414383237496      2.313792120201718
39.99999999999999        1140                     304.66713211382114       0.2884783976021111       0.7115216023978571       -2.142925667366992       1.8776205205129857
39.99999999999999        1149.9999999999998       304.66713211382114       0.2948798050706994       0.7051201949293979       -3.0079034859613296      1.44351442766368
39.99999999999999        1160                     304.66713211382114       0.29997849009174027      0.7000215099084869       2.4177642711489904       1.0111002252074117
39.99999999999999        1169.9999999999998       304.66713211382114       0.30291789695929533      0.6970821030406993       1.5653335875013568       0.5798948120402633
39.99999999999999        1180                     304.66713211382114       0.30323193576897567      0.6967680642312498       0.7149896862541729       0.14920598617039416
39.99999999999999        1190                     304.66713211382114       0.3008732859254883       0.6991267140744625       -0.13670638867354867     -0.2818263433582047
39.99999999999999        1200                     304.66713211382114       0.29623956234198495      0.7037604376581741       -0.9928191045315945      -0.7139047556530289
42                       1100                     304.66713211382114       0.2694817547321492       0.7305182452678478       1.5760064057519028       -2.5642630461137643
42                       1110                     304.66713211382114       0.26908899062122726      0.7309110093786368       0.6833673607743248       -3.003913992623274
42                       1120                     304.66713211382114       0.27181977135836743      0.7281802286419432       -0.20748574824228055     2.839974817592186
42                       1129.9999999999998       304.66713211382114       0.2771635597203111       0.722836440279606        -1.0924136712407373      2.4019031172993586
42                       1140                     304.66713211382114       0.28406572081969034      0.7159342791803343       -1.9685768234073813      1.9656887719747362
42                       1149.9999999999998       304.66713211382114       0.29124065177673536      0.7087593482233276       -2.835159066214646       1.5315909073427418
42                       1160                     304.66713211382114       0.2974025160812793       0.702597483918754        2.5902222315562677       1.0995019961299692
42                       1169.9999999999998       304.66713211382114       0.3015633273331504       0.6984366726669764       1.739106603634277        0.6689859320167805
42                       1180                     304.66713211382114       0.3030757340894045       0.6969242659105339       0.8914567185985439       0.23929402150858853
42                       1190                     304.66713211382114       0.30168071093116067      0.6983192890689754       0.043957953520769456     -0.19034409700957922
42                       1200                     304.66713211382114       0.29760482661994164      0.70239517337983         -0.8071316742321311      -0.620863360292044
44                       1100                     304.66713211382114       0.2674316597655146       0.7325683402345607       1.7656691539443015       -2.4728657558561418
44                       1110                     304.66713211382114       0.2656676955346522       0.7343323044655266       0.8733134453354093       -2.9119596142125808
44                       1120                     304.66713211382114       0.26732850686798715      0.7326714931321592       -0.0190495840341368      2.932095424138675
44                       1129.9999999999998       304.66713211382114       0.2721023172578976       0.7278976827421303       -0.9067624846554857      2.4939035286253946
44                       1140                     304.66713211382114       0.27902869079837844      0.7209713092019066       -1.7858599603645926      2.057517574069728
44                       1149.9999999999998       304.66713211382114       0.28681307688371194      0.7131869231162321       -2.654777053117131       1.6233383075942134
44                       1160                     304.66713211382114       0.29406945089561676      0.7059305491044535       2.7695664992172753       1.1914315599197622
44                       1169.9999999999998       304.66713211382114       0.299539489795261        0.7004605102049482       1.9189477534873844       0.761418149967622
44                       1180                     304.66713211382114       0.30240291815047354      0.6975970818495021       1.073509831455457        0.33265241345879615
44                       1190                     304.66713211382114       0.30221023274792863      0.6977897672520111       0.22971243727746754      -0.09569814541225374
44                       1200                     304.66713211382114       0.2990004038958822       0.700999596104013        -0.6163362395653248      -0.5246404371974995
45.99999999999999        1100                     304.66713211382114       0.266068610078345        0.7339313899217884       1.96359757126151         -2.377729047109771
45.99999999999999        1110                     304.66713211382114       0.2627055022130953       0.7372944977870184       1.0726025369120271       -2.8160582760896054
45.99999999999999        1120                     304.66713211382114       0.26296517445575845      0.7370348255443324       0.17922337177425715      3.028327482532508
45.99999999999999        1129.9999999999998       304.66713211382114       0.2667990415854561       0.7332009584145853       -0.711037718354925       2.590134035457395
45.99999999999999        1140                     304.66713211382114       0.2734326962513465       0.7265673037487066       -1.5935589965810906      2.153543931013083
45.99999999999999        1149.9999999999998       304.66713211382114       0.2815976077191341       0.7184023922808279       -2.4656762548392326      1.7191115676506072
45.99999999999999        1160                     304.66713211382114       0.2898006292228192       0.7101993707771486       2.95659156631096         1.2871538410783994
45.99999999999999        1169.9999999999998       304.66713211382114       0.2966349210946205       0.7033650789054524       2.1054306091361767       0.857406992764358
45.99999999999999        1180                     304.66713211382114       0.3010320022264115       0.6989679977735463       1.2613968079828142       0.42937241650316904
45.99999999999999        1190                     304.66713211382114       0.30229169019412483      0.6977083098060057       0.4206057394912193       0.0021202032991013186
45.99999999999999        1200                     304.66713211382114       0.3002668183200401       0.6997331816799138       -0.42053087257857447     -0.4252084605294497
48                       1100                     304.66713211382114       0.2655223363827302       0.7344776636173035       2.169815689813319        -2.2787716304311996
48                       1110                     304.66713211382114       0.26041619491707924      0.7395838050829102       1.2812903252971863       -2.7160874816968943
48                       1120                     304.66713211382114       0.2589738144541953       0.741026185545678        0.387910072595487        3.1288565350613196
48                       1129.9999999999998       304.66713211382114       0.2614444134705004       0.7385555865295278       -0.504590929348227       2.690788516374633
48                       1140                     304.66713211382114       0.26738953954423395      0.732610460455668        -1.3909618001583017      2.25389491410073
48                       1149.9999999999998       304.66713211382114       0.2755839564070867       0.7244160435930134       -2.266974667028004       1.819112085216965
48                       1160                     304.66713211382114       0.2845547639774009       0.715445236022704        -3.1309813586783806      1.386957505170458
48                       1169.9999999999998       304.66713211382114       0.29271402379309697      0.7072859762068415       2.299416096885676        0.9572677820448321
48                       1180                     304.66713211382114       0.2987130106091654       0.7012869893909021       1.455507720110634        0.529639240378454
48                       1190                     304.66713211382114       0.30169607232403417      0.6983039276760225       0.6172028155951254       0.10340785035839445
48                       1200                     304.66713211382114       0.3011672557578227       0.6988327442420822       -0.21966930713517124     -0.32249518632281227
50                       1100                     304.66713211382114       0.2659572467007779       0.7340427532991066       2.384134314449341        -2.175750090311088
50                       1110                     304.66713211382114       0.25903451264564814      0.7409654873544773       1.4995440336389712       -2.6118391097748455
50                       1120                     304.66713211382114       0.2555569450716224       0.7444430549282081       0.6079097426774125       -3.0490809365493905
50                       1129.9999999999998       304.66713211382114       0.2562992354411958       0.7437007645587689       -0.2862545639699767      2.7962814419084303
50                       1140                     304.66713211382114       0.26104408379025223      0.7389559162097976       -1.1761645951347939      2.359251270062726
50                       1149.9999999999998       304.66713211382114       0.2688928343211883       0.7311071656786631       -2.056712232679078       1.924098636410002
50                       1160                     304.66713211382114       0.27832875182463496      0.721671248175408        -2.925075680109438       1.4914409167851677
50                       1169.9999999999998       304.66713211382114       0.2876265963108672       0.7123734036893111       2.5025037450674668       1.0616030718544196
50                       1180                     304.66713211382114       0.29530881176272067      0.7046911882373376       1.657687455883395        0.6341947805771954
50                       1190                     304.66713211382114       0.3001392133402723       0.6998607866596098       0.8207189523321106       0.20869898206483578
50                       1200                     304.66713211382114       0.3014359095692367       0.6985640904310259       -0.012805248078656436    -0.21596463622983728
51.99999999999999        1100                     304.66713211382114       0.2674807238178577       0.7325192761844502       2.6053161449438327       -2.069089812753172
51.99999999999999        1110                     304.66713211382114       0.25879047261973936      0.7412095273803553       1.7271405282833          -2.5032169273678284
51.99999999999999        1120                     304.66713211382114       0.2531515769554878       0.7468484230443392       0.8382074502191701       -2.9394768098211825
51.99999999999999        1129.9999999999998       304.66713211382114       0.25170630003563255      0.7482936999642227       -0.0560446809856455      2.906455772738106
51.99999999999999        1140                     304.66713211382114       0.2547279159150855       0.7452720840848196       -0.9491189708051536      2.4694212449919126
51.99999999999999        1149.9999999999998       304.66713211382114       0.26165388039508536      0.7383461196051802       -1.8346658675473924      2.033866988439472
51.99999999999999        1160                     304.66713211382114       0.27109020740432327      0.7289097925955966       -2.7081011702550284      1.600691820270587
51.99999999999999        1169.9999999999998       304.66713211382114       0.2812944944723568       0.7187055055277963       2.715142231849988        1.1703842524509298
51.99999999999999        1180                     304.66713211382114       0.2905522808106102       0.7094477191894912       1.8680179850380831       0.742908491734426
51.99999999999999        1190                     304.66713211382114       0.29735873954389286      0.7026412604560827       1.030727099434796        0.31775586346628115
51.99999999999999        1200                     304.66713211382114       0.30076339752232417      0.6992366024777166       0.199667509069178        -0.10590138855732349
53.99999999999999        1100                     304.66713211382114       0.270109929383205        0.7298900706167434       2.8330997528550714       -1.9585739143243743
53.99999999999999        1110                     304.66713211382114       0.25983845770204217      0.7401615422981589       1.9626797372409666       -2.390576486311321
53.99999999999999        1120                     304.66713211382114       0.25197177015915473      0.7480282298408555       1.0790789617976915       -2.825185564722745
53.99999999999999        1129.9999999999998       304.66713211382114       0.2480272208354771       0.7519727791651286       0.18656623702583386      3.0216982234210823
53.99999999999999        1140                     304.66713211382114       0.24881444348379242      0.7511855565162695       -0.7085172974549143      2.584933813672073
53.99999999999999        1149.9999999999998       304.66713211382114       0.25418735988304686      0.7458126401166743       -1.598827059524367       2.149045427777353
53.99999999999999        1160                     304.66713211382114       0.2630327799770983       0.7369672200230607       -2.478324007790207       1.71523516894818
53.99999999999999        1169.9999999999998       304.66713211382114       0.27372165540862886      0.7262783445913139       2.939296333882339        1.284264823024635
53.99999999999999        1180                     304.66713211382114       0.28433078717739757      0.7156692128229943       2.0880460133133134       0.8563520390703172
53.99999999999999        1190                     304.66713211382114       0.29310626090097763      0.7068937390992432       1.2491384973679023       0.43128667747479177
53.99999999999999        1200                     304.66713211382114       0.29878682402889883      0.701213175971105        0.41884302725666567      0.008238465157202139
56                       1100                     304.66713211382114       0.2737891676490769       0.7262108323508977       3.066386082037539        -1.8443552344973182
56                       1110                     304.66713211382114       0.26231309416468984      0.7376869058351787       2.20569601513127         -2.2737449687759868
56                       1120                     304.66713211382114       0.252332317820439        0.7476676821796167       1.329735347838519        -2.7062426653956413
56                       1129.9999999999998       304.66713211382114       0.24570642412158397      0.7542935758784168       0.441372367991206        -3.14111106772559
56                       1140                     304.66713211382114       0.24377058639360286      0.7562294136066746       -0.4537482441423753      2.705949500795385
56                       1149.9999999999998       304.66713211382114       0.24690382223426366      0.7530961777655722       -1.3478847683139628      2.2700406989170143
56                       1160                     304.66713211382114       0.25445912245591423      0.7455408775440595       -2.233772986803201       1.8355909263141266
56                       1169.9999999999998       304.66713211382114       0.2649724494975691       0.7350275505024517       -3.10620476064095        1.4038096196725918
56                       1180                     304.66713211382114       0.27652079432211013      0.723479205677638        2.3199954529926123       0.9752107307456155
56                       1190                     304.66713211382114       0.28712636111475015      0.7128736388853001       1.4773208291145392       0.5497378565356226
56                       1200                     304.66713211382114       0.29518402909471797      0.704815970905175        0.6461372466135258       0.12695313226193974
57.99999999999999        1100                     304.66713211382114       0.27833076361515885      0.7216692363850074       -2.978490421041779       -1.7263287757455397
57.99999999999999        1110                     304.66713211382114       0.26623587226501816      0.7337641277348309       2.4549299186968265       -2.152863655633601
57.99999999999999        1120                     304.66713211382114       0.2544555233176913       0.7455444766822702       1.5891081159540534       -2.5826788286567157
57.99999999999999        1129.9999999999998       304.66713211382114       0.24517898439990904      0.7548210155999626       0.7077517951923716       -3.015601932404578
57.99999999999999        1140                     304.66713211382114       0.24011700079034587      0.7598829992094893       -0.18465946156246965     2.832662107663186
57.99999999999999        1149.9999999999998       304.66713211382114       0.2403370655459084       0.7596629344540116       -1.0808672944484028      2.3970678302334507
57.99999999999999        1160                     304.66713211382114       0.2457748818333937       0.7542251181667449       -1.9725796781299711      1.9622644627528911
57.99999999999999        1169.9999999999998       304.66713211382114       0.2553516619724649       0.7446483380275299       -2.852756171778481       1.5295977060931891
57.99999999999999        1180                     304.66713211382114       0.267212075600646        0.7327879243993433       2.5658754242891333       1.1000099438206756
57.99999999999999        1190                     304.66713211382114       0.27925490429284716      0.7207450957065661       1.7174719227538149       0.673809345606783
57.99999999999999        1200                     304.66713211382114       0.28959357891982496      0.7104064210802467       0.8831595295130128       0.2507857302303743
60                       1100                     304.66713211382114       0.2833891361577904       0.7166108638422706       -2.736199881064911       -1.6046671448215726
60                       1110                     304.66713211382114       0.27134336285184135      0.7286566371478691       2.70934610779057         -2.027929381494122
60                       1120                     304.66713211382114       0.25840721653088483      0.741592783468955        1.8554384809409603       -2.454711775173962
60                       1129.9999999999998       304.66713211382114       0.24674127318145378      0.7532587268187376       0.9843331231757271       -2.8849645779865747
60                       1140                     304.66713211382114       0.2384583507043302       0.7615416492956427       0.09800960256170528      2.965095186612399
60                       1149.9999999999998       304.66713211382114       0.23523114009395435      0.7647688599061483       -0.7973362050770461      2.5303917143609516
60                       1160                     304.66713211382114       0.23765558307345905      0.7623444169266926       -1.6932799165282129      2.0955813005994175
60                       1169.9999999999998       304.66713211382114       0.245293456273486        0.7547065437264877       -2.5813166769221714      1.662172161316056
60                       1180                     304.66713211382114       0.2566089839716683       0.7433910160286907       2.8284155668280087       1.231470428624035
60                       1190                     304.66713211382114       0.2694762900408967       0.7305237099595471       1.9719869852001306       0.8041341762875927
60                       1200                     304.66713211382114       0.281778299601212        0.7182217003990001       1.132090494669856        0.380376673624305
61.99999999999999        1100                     304.66713211382114       0.288463042366237        0.7115369576339179       -2.490208600350008       -1.4792601921852588
61.99999999999999        1110                     304.66713211382114       0.27734908924606405      0.7226509107540958       2.9675739239524352       -1.8991862885156807
61.99999999999999        1120                     304.66713211382114       0.2640205689400257       0.735979431059846        2.127206610911191        -2.3224647498635123
61.99999999999999        1129.9999999999998       304.66713211382114       0.2505648575271168       0.7494351424728054       1.2689186912914572       -2.7495311684892005
61.99999999999999        1140                     304.66713211382114       0.23927831571267316      0.7607216842872069       0.3926310753303131       3.1031204360428473
61.99999999999999        1149.9999999999998       304.66713211382114       0.2322546866382169       0.7677453133618847       -0.49790364998886133     2.670021212441658
61.99999999999999        1160                     304.66713211382114       0.23092348589987793      0.7690765141001308       -1.3950590310055777      2.235786072200599
61.99999999999999        1169.9999999999998       304.66713211382114       0.2355496352019371       0.7644503647980323       -2.2896032833879043      1.8019880581618843
61.99999999999999        1180                     304.66713211382114       0.24519029599900932      0.754809704001068        3.1103873850638544       1.370187461310627
61.99999999999999        1190                     304.66713211382114       0.25795864143149627      0.7420413585686981       2.24399563068179         0.9415572524918226
61.99999999999999        1200                     304.66713211382114       0.2715994878475553       0.7284005121529181       1.3957557506453286       0.5165626807030316
63.99999999999999        1100                     304.66713211382114       0.2929063957594027       0.7070936042406621       -2.24069537789068        -1.3500755081753189
63.99999999999999        1110                     304.66713211382114       0.2836591852172653       0.716340814782795        -3.054224345093935       -1.7666090733169213
63.99999999999999        1120                     304.66713211382114       0.27096991240160545      0.7290300875982251       2.4026505270393232       -2.186174855933238
63.99999999999999        1129.9999999999998       304.66713211382114       0.25661879694275336      0.7433812030572683       1.5592363511947245       -2.609494829475234
63.99999999999999        1140                     304.66713211382114       0.24288391259263034      0.757116087407228        0.6966867628088631       -3.036709797854768
63.99999999999999        1149.9999999999998       304.66713211382114       0.23216320664718912      0.7678367933518978       -0.18421387007893456     2.8158906712470038
63.99999999999999        1160                     304.66713211382114       0.2265423124780483       0.7734576875219147       -1.0781046367792768      2.383023306253624
63.99999999999999        1169.9999999999998       304.66713211382114       0.2271264387049034       0.77287356129503         -1.9762580288738183      1.9494455841351255
63.99999999999999        1180                     304.66713211382114       0.23381021791802878      0.7661897820820068       -2.868412856512218       1.516864164198807
63.99999999999999        1190                     304.66713211382114       0.2452181183085576       0.7547818816915098       2.5370371917889765       1.0868304545604015
63.99999999999999        1200                     304.66713211382114       0.2592251302162285       0.7407748697839274       1.677847033645032        0.6602910591626108
66                       1100                     304.66713211382114       0.2959463173112114       0.7040536826887857       -1.9869782434867738      -1.2166324140379232
66                       1110                     304.66713211382114       0.28952519503759183      0.7104748049625523       -2.7899079875556945      -1.6300742932480496
66                       1120                     304.66713211382114       0.2785552503607718       0.7214447496394072       2.680761823482076        -2.0458440827376054
66                       1129.9999999999998       304.66713211382114       0.2644870583258739       0.7355129416741827       1.8532940747080227       -2.4650903513193083
66                       1140                     304.66713211382114       0.24928874432682924      0.7507112556733174       1.0071821291211966       -2.8883033894881582
66                       1149.9999999999998       304.66713211382114       0.23544527813392827      0.764554721866419        0.14060853060984835      2.9676853173080984
66                       1160                     304.66713211382114       0.22544665106476863      0.7745533489351815       -0.7442988528329542      2.5371924398435493
66                       1169.9999999999998       304.66713211382114       0.22120372199505325      0.7787962780048047       -1.6409526891947201      2.1047492759267157
66                       1180                     304.66713211382114       0.2236150499220527       0.7763849500778969       -2.539134430058872       1.6720501221108839
66                       1190                     304.66713211382114       0.23214759871663998      0.7678524012834522       2.8550041791065155       1.2408572098261745
66                       1200                     304.66713211382114       0.2451177441403689       0.7548822558597326       1.982810976934697        0.8126101255460151
67.99999999999999        1100                     304.66713211382114       0.2966896879275872       0.7033103120724045       -1.728249712597968       -1.0787559455087818
67.99999999999999        1110                     304.66713211382114       0.2939631017116582       0.7060368982883461       -2.522485526992191       -1.489451375832297
67.99999999999999        1120                     304.66713211382114       0.28586203814872074      0.7141379618511484       2.9605303109718233       -1.9016931156928387
67.99999999999999        1129.9999999999998       304.66713211382114       0.27338459389259634      0.7266154061073495       2.1488824727153606       -2.3167011572443594
67.99999999999999        1140                     304.66713211382114       0.2580664729133199       0.7419335270866978       1.3206457197832286       -2.7354575938042656
67.99999999999999        1149.9999999999998       304.66713211382114       0.2421522292475249       0.7578477707523569       0.47203771423441665      3.124729668005969
67.99999999999999        1160                     304.66713211382114       0.22831713362727896      0.7716828663728652       -0.397991677319645       2.6976944937176985
67.99999999999999        1169.9999999999998       304.66713211382114       0.21900350513585323      0.7809964948641964       -1.2864762995554075      2.2674958127150138
67.99999999999999        1180                     304.66713211382114       0.21613173580452738      0.7838682641956919       -2.1851300638072844      1.8356355485593232
67.99999999999999        1190                     304.66713211382114       0.220172730084811        0.7798272699153368       -3.082784517385648       1.4039666789187304
67.99999999999999        1200                     304.66713211382114       0.23035338843064507      0.7696466115693041       2.3145817986150443       0.9741857813440562
70                       1100                     304.66713211382114       0.2942177418235768       0.7057822581764334       -1.4620549591348533      -0.9355048050402026
70                       1110                     304.66713211382114       0.29591937087294734      0.7040806291269625       -2.2508028532426656      -1.3442847851924598
70                       1120                     304.66713211382114       0.29175320304521174      0.7082467969547263       -3.0407466095303084      -1.7534073689568845
70                       1129.9999999999998       304.66713211382114       0.2821856448616176       0.717814355138342        2.4451738486440395       -2.1643489069450843
70                       1140                     304.66713211382114       0.26827808375592926      0.7317219162442535       1.6348705659465714       -2.578456616349133
70                       1149.9999999999998       304.66713211382114       0.25188161660791486      0.7481183833920911       0.8062715690197574       -2.996608533551845
70                       1160                     304.66713211382114       0.23542576605522222      0.7645742339449176       -0.044182358715807536    2.863990602549786
70                       1169.9999999999998       304.66713211382114       0.2215273146445531       0.7784726853554336       -0.9170348455942149      2.437336013475423
70                       1180                     304.66713211382114       0.21285692690973188      0.7871430730900909       -1.808266110789988       2.0076270993849827
70                       1190                     304.66713211382114       0.2110775789421734       0.7889224210578997       -2.7084441397640244      1.5765562484513393
70                       1200                     304.66713211382114       0.2165583798465269       0.7834416201533404       2.6777423910215012       1.1459291646321554
72                       1100                     304.66713211382114       0.28765675960042153      0.7123432403994735       -1.1855454600762714      -0.78589167032377
72                       1110                     304.66713211382114       0.2942706177088557       0.7057293822910992       -1.9723169637103486      -1.1936615965632928
72                       1120                     304.66713211382114       0.29493400215409         0.7050659978459553       -2.755486243530206       -1.6005159215157148
72                       1129.9999999999998       304.66713211382114       0.28953721550255723      0.7104627844973274       2.742237483245875        -2.007948829856255
72                       1140                     304.66713211382114       0.278683349144554        0.7213166508554457       1.9482064633246055       -2.417556011150424
72                       1149.9999999999998       304.66713211382114       0.2635973553339186       0.7364026446662651       1.1397579047326019       -2.8305661921544445
72                       1160                     304.66713211382114       0.24624017733273293      0.7537598226672785       0.3115662627698827       3.0352341384769845
72                       1169.9999999999998       304.66713211382114       0.22914372672556688      0.7708562732744735       -0.539689746554543       2.6133481356859782
72                       1180                     304.66713211382114       0.21515875315383334      0.7848412468461997       -1.4144938578446387      2.187303573922902
72                       1190                     304.66713211382114       0.2068650942415268       0.7931349057583668       -2.307766723124188       1.7582925404108651
72                       1200                     304.66713211382114       0.20594978040885373      0.7940502195912985       3.073892571494799        1.3280422515818695
73.99999999999999        1100                     304.66713211382114       0.27625522006810643      0.7237447799319219       -0.8939174114858643      -0.6285137767200027
73.99999999999999        1110                     304.66713211382114       0.2879260322836429       0.7120739677163641       -1.6834995489389144      -1.0364150372780123
73.99999999999999        1120                     304.66713211382114       0.2940069004092771       0.7059930995907032       -2.4640565148341897      -1.4420616652348526
73.99999999999999        1129.9999999999998       304.66713211382114       0.293880659707889        0.706119340292126        3.041650611884984        -1.846882918093651
73.99999999999999        1140                     304.66713211382114       0.2875117207661189       0.712488279233915        2.2607633904392466       -2.252641676429273
73.99999999999999        1149.9999999999998       304.66713211382114       0.2756348111200606       0.7243651888800269       1.4706849443124173       -2.6606546319911115
73.99999999999999        1160                     304.66713211382114       0.2595423438715393       0.7404576561284477       0.6649641898684521       -3.0724051234803595
73.99999999999999        1169.9999999999998       304.66713211382114       0.24126500311524804      0.7587349968846772       -0.16153207174193063     2.7945437083712052
73.99999999999999        1180                     304.66713211382114       0.2234882346215052       0.7765117653784986       -1.0125089542469725      2.3735803151050683
73.99999999999999        1190                     304.66713211382114       0.20914673043569082      0.7908532695643363       -1.8881554079450416      1.9483865112849774
73.99999999999999        1200                     304.66713211382114       0.20096411133705233      0.7990358886629532       -2.7828499184159816      1.5202332017870115
76                       1100                     304.66713211382114       0.25966243558861946      0.7403375644113369       -0.5809422969613522      -0.46162109195233275
76                       1110                     304.66713211382114       0.2759505098315264       0.7240494901686674       -1.3791457720980669      -0.8709431327784221
76                       1120                     304.66713211382114       0.28767309285505444      0.712326907144836        -2.162329741985381       -1.2766936189864257
76                       1129.9999999999998       304.66713211382114       0.2934820779321056       0.7065179220677757       -2.9366978077281884      -1.6801943155384658
76                       1140                     304.66713211382114       0.2928907561205387       0.7071092438800255       2.5746594298855654       -2.0830160513549916
76                       1149.9999999999998       304.66713211382114       0.2859149603339014       0.7140850396660677       1.7992109349104228       -2.4867589962780614
76                       1160                     304.66713211382114       0.27325757715187954      0.7267424228481666       1.013720859997798        -2.893062552501965
76                       1169.9999999999998       304.66713211382114       0.2562776439852504       0.7437223560146676       0.21201509595566928      2.9799669794791255
76                       1180                     304.66713211382114       0.23715283795055828      0.7628471620494551       -0.6114994567865268      2.5651414397964665
76                       1190                     304.66713211382114       0.21856718977014192      0.7814328102298582       -1.460640672246713       2.145438640347004
76                       1200                     304.66713211382114       0.20364841539183448      0.7963515846082426       -2.335679569819645       1.7214206467438304
78                       1100                     304.66713211382114       0.23824563206179689      0.7617543679382393       -0.23806227932655583     -0.28323183409280567
78                       1110                     304.66713211382114       0.25794078396938214      0.7420592160308145       -1.0517570551388318      -0.6952129667994681
78                       1120                     304.66713211382114       0.27479301138979123      0.725206988610316        -1.8442480276818618      -1.102548100723005
78                       1129.9999999999998       304.66713211382114       0.286832777559497        0.7131672224403821       -2.6214430524619265      -1.5061756370875068
78                       1140                     304.66713211382114       0.2927891280106421       0.707210871989546        2.8934226473985          -1.9075290340869302
78                       1149.9999999999998       304.66713211382114       0.2920957745694688       0.7079042254305896       2.127592649104398        -2.308233758882105
78                       1160                     304.66713211382114       0.28486921623407624      0.7151307837659228       1.3580624781105857       -2.7098762331491852
78                       1169.9999999999998       304.66713211382114       0.27176846651372         0.7282315334863162       0.578195980955573        -3.1141868839512177
78                       1180                     304.66713211382114       0.2541340489195701       0.7458659510804272       -0.21809693219890558     2.7608051018018513
78                       1190                     304.66713211382114       0.2341751232508896       0.765824876749132        -1.0367478003894939      2.3477778646706993
78                       1200                     304.66713211382114       0.21466065464106102      0.7853393453587244       -1.8820401053919307      1.9297658421790587
79.99999999999999        1100                     304.66713211382114       0.2135885280665671       0.7864114719333891       0.14573916501488204      -0.09133128033292806
79.99999999999999        1110                     304.66713211382114       0.23433529871746062      0.7656647012825004       -0.6910646754009172      -0.5068370593517424
79.99999999999999        1120                     304.66713211382114       0.25493954962362403      0.7450604503763593       -1.5007785611421405      -0.9171521721176785
79.99999999999999        1129.9999999999998       304.66713211382114       0.2726266782469548       0.7273733217530928       -2.2884710188278934      -1.3226751139477932
79.99999999999999        1140                     304.66713211382114       0.28535659776373307      0.7146434022363265       -3.0602360511381628      -1.7243232011564622
79.99999999999999        1149.9999999999998       304.66713211382114       0.2918665638944545       0.7081334361055285       2.4604629195982124       -2.123562784108512
79.99999999999999        1160                     304.66713211382114       0.2916000000939757       0.7083999999061005       1.7008198564733588       -2.522049232578425
79.99999999999999        1169.9999999999998       304.66713211382114       0.28453114005320895      0.7154688599467293       0.9376753857549531       -2.921474537897852
79.99999999999999        1180                     304.66713211382114       0.27136732760691323      0.7286326723930089       0.16484384079181064      2.9597986018531763
79.99999999999999        1190                     304.66713211382114       0.2533635056756883       0.7466364943242355       -0.6243805271765207      2.5539310761156
79.99999999999999        1200                     304.66713211382114       0.2326533609556086       0.767346639044487        -1.4359645765387599      2.1432454549084357
82                       1100                     304.66713211382114       0.18906004344846183      0.8109399565516913       0.5832851107183634       0.1158825092543177
82                       1110                     304.66713211382114       0.20716658277692268      0.7928334172230533       -0.2834860007542255      -0.30334549898065055
82                       1120                     304.66713211382114       0.22871944688071327      0.7712805531192336       -1.1194286404481728      -0.7176676967185721
82                       1129.9999999999998       304.66713211382114       0.25032276921741425      0.7496772307824967       -1.9266931864654935      -1.1266062102817627
82                       1140                     304.66713211382114       0.26912920743766305      0.7308707925620042       -2.710730772413985       -1.5305148919713654
82                       1149.9999999999998       304.66713211382114       0.2830047605567179       0.7169952394433834       2.805276387358795        -1.9303877025914415
82                       1160                     304.66713211382114       0.2905880764883792       0.7094119235116872       2.0482993593999455       -2.327595842914616
82                       1169.9999999999998       304.66713211382114       0.2912667485783538       0.7087332514216867       1.295095081897472        -2.7238055047229257
82                       1180                     304.66713211382114       0.2849443192209894       0.7150556807789734       0.5391785812834229       -3.120735719537683
82                       1190                     304.66713211382114       0.2721639809232234       0.7278360190768101       -0.22552422826360705     2.7632272086394036
82                       1200                     304.66713211382114       0.2541875457571932       0.745812454242743        -1.00592787719879        2.360131628221706
84                       1100                     304.66713211382114       0.16997740728797867      0.830022592712078        1.083170341205422        0.33886588603235684
84                       1110                     304.66713211382114       0.18077744576990404      0.8192225542300452       0.1861126363207512       -0.08306257324706061
84                       1120                     304.66713211382114       0.1988471134337889       0.801152886566288        -0.6837094938660486      -0.5014392952258044
84                       1129.9999999999998       304.66713211382114       0.22101358042858557      0.7789864195714761       -1.5212549508353501      -0.9148845747804545
84                       1140                     304.66713211382114       0.2437320965486945       0.7562679034512118       -2.3281708695788312      -1.3228021202144835
84                       1149.9999999999998       304.66713211382114       0.2639464689921915       0.7360535310077739       -3.1102172751031048      -1.7255004255640298
84                       1160                     304.66713211382114       0.2794469352941415       0.7205530647056619       2.409363873001977        -2.1238216339950355
84                       1169.9999999999998       304.66713211382114       0.28870907823454384      0.7112909217655143       1.6574186690709227       -2.5191229514952784
84                       1180                     304.66713211382114       0.29091911648153196      0.7090808835180283       0.9105200502900975       -2.9130489511053566
84                       1190                     304.66713211382114       0.285973483867533        0.714026516132579        0.1626108656175465       2.975965600437819
84                       1200                     304.66713211382114       0.27424225442911915      0.7257577455707981       -0.593260596998316       2.579609312939914
85.99999999999999        1100                     304.66713211382114       0.1625211877162872       0.8374788122838424       1.6392207752232482       0.576508026459106
85.99999999999999        1110                     304.66713211382114       0.16177816761683486      0.8382218323831271       0.7272022599535706       0.15446157814458805
85.99999999999999        1120                     304.66713211382114       0.1710375990183218       0.828962400981798        -0.17534275256630158     -0.26650686229849513
85.99999999999999        1129.9999999999998       304.66713211382114       0.18843333061098022      0.8115666693889462       -1.0513868194423657      -0.6842714829244263
85.99999999999999        1140                     304.66713211382114       0.21084665531065852      0.7891533446891537       -1.8936529101096358      -1.0972923760249196
85.99999999999999        1149.9999999999998       304.66713211382114       0.23466576321012408      0.7653342367898611       -2.702947316814746       -1.5046213515791174
85.99999999999999        1160                     304.66713211382114       0.2566231623317561       0.7433768376684559       2.798232319513998        -1.9064720898636487
85.99999999999999        1169.9999999999998       304.66713211382114       0.2741941825391154       0.7258058174609916       2.036622163917724        -2.303610021336539
85.99999999999999        1180                     304.66713211382114       0.28571774136874395      0.7142822586312355       1.2888102059484632       -2.6972086252706173
85.99999999999999        1190                     304.66713211382114       0.29022037794147626      0.7097796220584756       0.547916080068364        -3.088926009002147
85.99999999999999        1200                     304.66713211382114       0.28738208180967983      0.7126179181900174       -0.1921772950810182      2.802751287116194
88                       1100                     304.66713211382114       0.17115110751624737      0.8288488924838024       2.219720647453517        0.8255105540639776
88                       1110                     304.66713211382114       0.15747070785634515      0.8425292921438565       1.326478684469572        0.4072332200831286
88                       1120                     304.66713211382114       0.15351498817083203      0.8464850118291473       0.4138922970960937       -0.013095200955619484
88                       1129.9999999999998       304.66713211382114       0.16007360860903688      0.8399263913911016       -0.49581881268447164     -0.4331205420782777
88                       1140                     304.66713211382114       0.17584865460647955      0.8241513453935867       -1.3815436081232368      -0.8505165158321648
88                       1149.9999999999998       304.66713211382114       0.19794004264252626      0.8020599573575783       -2.2323884243885774      -1.2633962876949008
88                       1160                     304.66713211382114       0.22260399562145652      0.7773960043784741       -3.0477898307850477      -1.6707340028656466
88                       1169.9999999999998       304.66713211382114       0.2464257774857976       0.7535742225141567       2.450426804985895        -2.0722944786424486
88                       1180                     304.66713211382114       0.26648354811456876      0.7335164518854402       1.68878443118972         -2.468704828164704
88                       1190                     304.66713211382114       0.28091370827340184      0.7190862917266383       0.943560678658653        -2.8609758430868393
88                       1200                     304.66713211382114       0.2884623145505071       0.7115376854494788       0.20782895653732947      3.032467401788868
90                       1100                     304.66713211382114       0.1955399776420383       0.8044600223580011       2.781616287745678        1.0811151320493066
90                       1110                     304.66713211382114       0.1720321864587251       0.8279678135412417       1.938511503744684        0.6708233495266386
90                       1120                     304.66713211382114       0.1545138931253086       0.8454861068748941       1.057555911125646        0.25569023796360224
90                       1129.9999999999998       304.66713211382114       0.14614338990432174      0.8538566100956952       0.148204203341148        -0.1624609627167508
90                       1140                     304.66713211382114       0.14859979944078572      0.8514002005592645       -0.7682546403546365      -0.581332602968169
90                       1149.9999999999998       304.66713211382114       0.16136121386867863      0.8386387861312693       -1.666858595656126       -0.9983837000149951
90                       1160                     304.66713211382114       0.1820040583312094       0.8179959416688863       -2.5313802706209265      -1.4115543301076598
90                       1169.9999999999998       304.66713211382114       0.20698023108320376      0.7930197689167342       2.9255126199713346       -1.819362643738181
90                       1180                     304.66713211382114       0.2324973030136887       0.7675026969861667       2.133407032858245        -2.2213414599582886
90                       1190                     304.66713211382114       0.2553699688609697       0.7446300311392058       1.3685204352000333       -2.6176524222311257
90                       1200                     304.66713211382114       0.27328790491345845      0.7267120950865246       0.6234792635236663       -3.0092355453711965
91.99999999999999        1100                     304.66713211382114       0.22928641706381736      0.7707135829362852       -2.9837266418789827      1.3388500098741465
91.99999999999999        1110                     304.66713211382114       0.20285219582628128      0.7971478041737782       2.514069672235212        0.9392898132885114
91.99999999999999        1120                     304.66713211382114       0.17682045900328272      0.8231795409965935       1.6935953921820688       0.5337826418055845
91.99999999999999        1129.9999999999998       304.66713211382114       0.1550767325494844       0.8449232674504991       0.8327386263983013       0.12273354898997518
91.99999999999999        1140                     304.66713211382114       0.14123276233974347      0.8587672376601801       -0.06549300490675648     -0.2923974894478961
91.99999999999999        1149.9999999999998       304.66713211382114       0.13795938604213712      0.8620406139577256       -0.9846292689512472      -0.7094575993956854
91.99999999999999        1160                     304.66713211382114       0.14586101718394026      0.8541389828164411       -1.897721202858181       -1.1260111358431524
91.99999999999999        1169.9999999999998       304.66713211382114       0.16342858209772346      0.8365714179022639       -2.7814046475155756      -1.539598879385523
91.99999999999999        1180                     304.66713211382114       0.18743992235579962      0.8125600776442663       2.658038247312543        -1.948465211520316
91.99999999999999        1190                     304.66713211382114       0.2140615799109248       0.7859384200890537       1.8530439054736623       -2.3515058071901827
91.99999999999999        1200                     304.66713211382114       0.23967951481598607      0.7603204851838782       1.080256033531697        -2.7485877547424646
94                       1100                     304.66713211382114       0.261976287286471        0.7380237127135265       -2.5108832183923373      1.5963527111096383
94                       1110                     304.66713211382114       0.2402966157926711       0.7597033842074106       3.034545200762576        1.208059679192628
94                       1120                     304.66713211382114       0.21421938844604793      0.7857806115539849       2.2733564502807284       0.8144336039144398
94                       1129.9999999999998       304.66713211382114       0.1865416028865335       0.8134583971131674       1.4805445902212568       0.41475758383991906
94                       1140                     304.66713211382114       0.16078694575712724      0.8392130542427396       0.6482103809619288       0.009029277637709061
94                       1149.9999999999998       304.66713211382114       0.14091908487384527      0.859080915126235        -0.2271763492811946      -0.4017817775450194
94                       1160                     304.66713211382114       0.13041721788269192      0.8695827821173475       -1.138245829825296       -0.8159984171231944
94                       1169.9999999999998       304.66713211382114       0.1312852064572513       0.8687147935427558       -2.0623580162081496      -1.2313803437825248
94                       1180                     304.66713211382114       0.1433366454429032       0.8566633545569761       -2.969206205089909       -1.6452232763147472
94                       1190                     304.66713211382114       0.16429056113616422      0.8357094388639333       2.4449338850088114       -2.055343911002013
94                       1200                     304.66713211382114       0.19056058524241812      0.8094394147574905       1.618743066081842        -2.460225845813765
96                       1100                     304.66713211382114       0.2827098397379891       0.7172901602619952       -2.068614006913565       1.855186847299592
96                       1110                     304.66713211382114       0.271653041180792        0.728346958819312        -2.775331088155375       1.475832245643087
96                       1120                     304.66713211382114       0.25350649223989896      0.7464935077601452       2.7901026743982986       1.0934178963449124
96                       1129.9999999999998       304.66713211382114       0.22952149666606544      0.7704785033339557       2.0541410641448783       0.7063574640532645
96                       1140                     304.66713211382114       0.2017518889553214       0.7982481110445816       1.2920967876861618       0.31354868717941975
96                       1149.9999999999998       304.66713211382114       0.17322253319466752      0.8267774668052325       0.4953535304164685       -0.08537211983521091
96                       1160                     304.66713211382114       0.14769612397330592      0.8523038760266207       -0.3442989246536332      -0.49025117225087056
96                       1169.9999999999998       304.66713211382114       0.12915082768964753      0.8708491723107095       -1.2298886347296534      -0.9000505422244555
96                       1180                     304.66713211382114       0.12090657891472723      0.8790934210853183       -2.150100575343988       -1.3127486074695123
96                       1190                     304.66713211382114       0.12448065292065034      0.875519347079441        -3.0771555130020087      -1.725966319384454
96                       1200                     304.66713211382114       0.13921070473564873      0.8607892952643234       2.304245956265444        -2.137207638411278
97.99999999999999        1100                     304.66713211382114       0.2820359106220566       0.7179640893778751       -1.634984505856684       2.1211447472094944
97.99999999999999        1110                     304.66713211382114       0.28502623586652986      0.7149737641336208       -2.327457241092217       1.7465489613383989
97.99999999999999        1120                     304.66713211382114       0.28000896615576715      0.7199910338443637       -3.020531597790814       1.3717542369147246
97.99999999999999        1129.9999999999998       304.66713211382114       0.2672189339864939       0.7327810660134599       2.5634881980025477       0.9951224556253879
97.99999999999999        1140                     304.66713211382114       0.24740038412444235      0.752599615875513        1.8516623376391401       0.6148963161018455
97.99999999999999        1149.9999999999998       304.66713211382114       0.2219183199944573       0.7780816800055039       1.1206833312260784       0.22985671388789117
97.99999999999999        1160                     304.66713211382114       0.19294784532804946      0.8070521546718117       0.36257761397359034      -0.16096813318084177
97.99999999999999        1169.9999999999998       304.66713211382114       0.1635973266614406       0.8364026733387114       -0.43256179856502974     -0.5581657565167133
97.99999999999999        1180                     304.66713211382114       0.13769610492704337      0.8623038950731755       -1.273322889384017       -0.9612643830781596
97.99999999999999        1190                     304.66713211382114       0.11932128340226804      0.8806787165978917       -2.163249087552571       -1.3691675998976685
97.99999999999999        1200                     304.66713211382114       0.1116812033132857       0.8883187966868064       -3.089770759177939       -1.7798810926808668
100                      1100                     304.66713211382114       0.2531247408616775       0.7468752591382559       -1.1782433973142907      2.4048579347097845
100                      1110                     304.66713211382114       0.27100728953626746      0.728992710463523        -1.8756914356333965      2.0292172926689998
100                      1120                     304.66713211382114       0.28145543451692023      0.7185445654831124       -2.563118696704441       1.65653536106007
100                      1129.9999999999998       304.66713211382114       0.2840160884492249       0.7159839115508544       3.037151038741028        1.2853172908200738
100                      1140                     304.66713211382114       0.2784795592482235       0.7215204407516459       2.3529891206693434       0.9136509691187843
100                      1149.9999999999998       304.66713211382114       0.26517540102234116      0.7348245989776527       1.6625382515703246       0.5400715112728027
100                      1160                     304.66713211382114       0.24481188914670055      0.7551881108533208       0.9599792765595889       0.1630051616962234
100                      1169.9999999999998       304.66713211382114       0.21865246256465778      0.7813475374353682       0.23832063102029108      -0.2190117601079201
100                      1180                     304.66713211382114       0.1888565989702274       0.811143401029838        -0.5104365850506036      -0.606865224734587
100                      1190                     304.66713211382114       0.15844572516468913      0.84155427483536         -1.2960559843250543      -1.0009920667043917
100                      1200                     304.66713211382114       0.1313159394071801       0.8686840605928625       -2.129203603196029       -1.4012546529403123
101.99999999999999       1100                     304.66713211382114       0.19435567497444833      0.8056443250254153       -0.6482268653466943      2.7206017815600756
101.99999999999999       1110                     304.66713211382114       0.22405993078795985      0.7759400692120545       -1.377295650072251       2.3378631755356234
101.99999999999999       1120                     304.66713211382114       0.2492331992201131       0.750766800779946        -2.082522439715065       1.9606749266798025
101.99999999999999       1129.9999999999998       304.66713211382114       0.2680947862021702       0.7319052137978441       -2.7710902921870617      1.588076295202621
101.99999999999999       1140                     304.66713211382114       0.2795633304301538       0.7204366695700334       2.8335700062200466       1.21851132458834
101.99999999999999       1149.9999999999998       304.66713211382114       0.2831109214929825       0.7168890785069861       2.159771339666526        0.8504968094929133
101.99999999999999       1160                     304.66713211382114       0.27859850572748796      0.7214014942695508       1.4856407726763645       0.4823873533120784
101.99999999999999       1169.9999999999998       304.66713211382114       0.2662162625372839       0.7337837374628544       0.8061049312131209       0.11252056096449152
101.99999999999999       1180                     304.66713211382114       0.24652768071016282      0.7534723192897639       0.1158989564685875       -0.260548148822605
101.99999999999999       1190                     304.66713211382114       0.2207077958483717       0.7792922041514079       -0.5913964703968179      -0.6382193695642582
101.99999999999999       1200                     304.66713211382114       0.19066681874237076      0.8093331812576252       -1.3242174688404236      -1.0217860319003889
103.99999999999999       1100                     304.66713211382114       0.11962713493740733      0.8803728650625804       0.05730499251767233      3.083187859058078
103.99999999999999       1110                     304.66713211382114       0.14952817301937935      0.8504718269808118       -0.7538081673607705      2.689600012591626
103.99999999999999       1120                     304.66713211382114       0.1819619661651715       0.8180380338348606       -1.515350365774395       2.3023542570964146
103.99999999999999       1129.9999999999998       304.66713211382114       0.21319722591074586      0.7868027740892052       -2.2410091375955945      1.9213724300985464
103.99999999999999       1140                     304.66713211382114       0.24037261217245312      0.759627387827456        -2.940800444065055       1.546253431287866
103.99999999999999       1149.9999999999998       304.66713211382114       0.2615456238337808       0.7384543761662593       2.660171941785609        1.175909944855604
103.99999999999999       1160                     304.66713211382114       0.27555751431551784      0.7244424856847103       1.989316987150753        0.8090824621330562
103.99999999999999       1169.9999999999998       304.66713211382114       0.28178072935137466      0.7182192706486968       1.3245022583225952       0.4442225860275016
103.99999999999999       1180                     304.66713211382114       0.2799484255294259       0.7200515744704983       0.6612061310295831       0.07987551930452436
103.99999999999999       1190                     304.66713211382114       0.27014868160890065      0.7298513183911233       -0.005551819829432976    -0.2856154179336472
103.99999999999999       1200                     304.66713211382114       0.2528014230839487       0.7471985769162365       -0.6809547115661642      -0.6539030884942104
106                      1100                     304.66713211382114       0.07163965613186409      0.9283603438681247       1.1379433745393066       -2.7863743780544117
106                      1110                     304.66713211382114       0.08005140180812799      0.9199485981917649       0.17739765538801366      3.0964805116869316
106                      1120                     304.66713211382114       0.1001614226371323       0.8998385773628705       -0.7222371776341904      2.698907569536975
106                      1129.9999999999998       304.66713211382114       0.12864543349707155      0.8713545665028989       -1.5509545966665617      2.3061182699763454
106                      1140                     304.66713211382114       0.1613431583146964       0.8386568416853297       -2.3217905303998307      1.9193456608577852
106                      1149.9999999999998       304.66713211382114       0.19435467402297052      0.8056453259771699       -3.051054346986696       1.5388233716805793
106                      1160                     304.66713211382114       0.2244566806770099       0.7755433193230026       2.5325483527646777       1.1644826606307188
106                      1169.9999999999998       304.66713211382114       0.2492803447373919       0.7507196552628183       1.8536167106867456       0.7955157732462201
106                      1180                     304.66713211382114       0.2674821386347656       0.7325178613652329       1.1882814314541341       0.4305846145284015
106                      1190                     304.66713211382114       0.27814734084195286      0.7218526591580976       0.5315604585741044       0.06854575795638752
106                      1200                     304.66713211382114       0.28091612067496174      0.7190838793251397       -0.12166812291381912     -0.29226152183246484
107.99999999999999       1100                     304.66713211382114       0.09850667495130597      0.9014933250487096       2.3954016142916417       -2.3423514849240394
107.99999999999999       1110                     304.66713211382114       0.07490100152646977      0.9250989984734638       1.51895751230781         -2.7354651830015384
107.99999999999999       1120                     304.66713211382114       0.06223442709579872      0.9377655729041642       0.5628832113033075       -3.131974953333125
107.99999999999999       1129.9999999999998       304.66713211382114       0.06258106855238069      0.937418931447729        -0.4303856575756555      2.753578620119579
107.99999999999999       1140                     304.66713211382114       0.07592260285365404      0.9240773971463868       -1.3827415986492282      2.3571796641160128
107.99999999999999       1149.9999999999998       304.66713211382114       0.10001482428073703      0.8999851757193505       -2.2546088340112376      1.9643866118504918
107.99999999999999       1160                     304.66713211382114       0.1311457087520437       0.8688542912479299       -3.053004525415481       1.5767685387244779
107.99999999999999       1169.9999999999998       304.66713211382114       0.16514511544556576      0.8348548845544138       2.485712464912866        1.1953352750662658
107.99999999999999       1180                     304.66713211382114       0.19834343101870786      0.8016565689812538       1.7784492079750112       0.8202029141277059
107.99999999999999       1190                     304.66713211382114       0.22788369046221724      0.7721163095377305       1.0972380720218          0.4510764675532682
107.99999999999999       1200                     304.66713211382114       0.2516619567145078       0.748338043285753        0.43348407932291527      0.08676565723032632
109.99999999999999       1100                     304.66713211382114       0.18473517196399933      0.815264828036013        -3.0060614825667185      -1.9043996700445314
109.99999999999999       1110                     304.66713211382114       0.15034567467851623      0.8496543253215414       2.575542800357499        -2.27739968978899
109.99999999999999       1120                     304.66713211382114       0.1159200945094783       0.8840799054906382       1.8342002100711463       -2.656595216881549
109.99999999999999       1129.9999999999998       304.66713211382114       0.08523085535290174      0.9147691446471247       1.0332613157434272       -3.041800890917723
109.99999999999999       1140                     304.66713211382114       0.06235175959441598      0.9376482404056455       0.14758390014196301      2.8512763299467876
109.99999999999999       1149.9999999999998       304.66713211382114       0.05075337958767699      0.9492466204123094       -0.8324639193254157      2.458036899844409
109.99999999999999       1160                     304.66713211382114       0.052369838915118004     0.9476301610849015       -1.850522893821208       2.063841431473781
109.99999999999999       1169.9999999999998       304.66713211382114       0.06691368169643495      0.9330863183034812       -2.809792633687432       1.671111692501298
109.99999999999999       1180                     304.66713211382114       0.09200851327640248      0.9079914867235418       2.6101461975479414       1.2820750468544078
109.99999999999999       1190                     304.66713211382114       0.12397238975034275      0.8760276102497243       1.8255506544480815       0.8982363760322117
109.99999999999999       1200                     304.66713211382114       0.158669525330649        0.8413304746693541       1.0950167331710532       0.5204460555422925
112                      1100                     304.66713211382114       0.2603863316749374       0.7396136683250715       -2.3692318290313676      -1.4894960744001153
112                      1110                     304.66713211382114       0.24086145715953874      0.7591385428406804       -2.998886503400862       -1.8427997259964901
112                      1120                     304.66713211382114       0.214890422896695        0.7851095771031901       2.643110392550956        -2.200126312932515
112                      1129.9999999999998       304.66713211382114       0.18358481099821586      0.8164151890017923       1.9855350245356387       -2.562431810625112
112                      1140                     304.66713211382114       0.1489456810084934       0.8510543189915759       1.3035582187019465       -2.930620760709131
112                      1149.9999999999998       304.66713211382114       0.11369406113900014      0.8863059388608768       0.585752162033906        2.9782118893565817
112                      1160                     304.66713211382114       0.08148031410179374      0.9185196858982131       -0.18757351246890183     2.597918546345034
112                      1169.9999999999998       304.66713211382114       0.05623765877287633      0.9437623412270563       -1.0471081230316792      2.212558187466659
112                      1180                     304.66713211382114       0.04156259068834573      0.9584374093116609       -2.022929370682787       1.8236285658697249
112                      1190                     304.66713211382114       0.03979635408183332      0.9602036459181215       -3.0772039084615894      1.4333106161648674
112                      1200                     304.66713211382114       0.05120181544493101      0.9487981845550777       2.2009572348651614       1.043772179512274
113.99999999999999       1100                     304.66713211382114       0.27109246443666013      0.7289075355634385       -1.8208624209862865      -1.078520075827029
113.99999999999999       1110                     304.66713211382114       0.27628956651484854      0.7237104334852166       -2.4275218931312184      -1.4233540809643324
113.99999999999999       1120                     304.66713211382114       0.2740675726125542       0.7259324273874891       -3.0331989792564085      -1.767742622953125
113.99999999999999       1129.9999999999998       304.66713211382114       0.2644705156941851       0.7355294843058423       2.6418283720200826       -2.113275082719214
113.99999999999999       1140                     304.66713211382114       0.24774857468249578      0.7522514253175888       2.028821031553881        -2.4609454721258803
113.99999999999999       1149.9999999999998       304.66713211382114       0.2243673069765409       0.7756326930234447       1.407082234325591        -2.812112821076021
113.99999999999999       1160                     304.66713211382114       0.19521242453047477      0.804787575469645        0.7731914355359015       3.1155502762882077
113.99999999999999       1169.9999999999998       304.66713211382114       0.16168408886871413      0.8383159111312973       0.12102243848687005      2.7546105581412363
113.99999999999999       1180                     304.66713211382114       0.12601155796534405      0.873988442034644        -0.5571400241384323      2.3878952726165332
113.99999999999999       1190                     304.66713211382114       0.09127169549226799      0.9087283045076271       -1.2763202970563028      2.015091807336446
113.99999999999999       1200                     304.66713211382114       0.06104464406348775      0.9389553559365597       -2.061984797255106       1.6368147526771115
115.99999999999999       1100                     304.66713211382114       0.19119573968788392      0.8088042603120862       -1.2491207185630304      -0.6234079755987177
115.99999999999999       1110                     304.66713211382114       0.22045426739806856      0.7795457326019648       -1.8670131178384102      -0.9745126576404838
115.99999999999999       1120                     304.66713211382114       0.24414736163869877      0.755852638361355        -2.4741521292563884      -1.3213252145183823
115.99999999999999       1129.9999999999998       304.66713211382114       0.26140477518521066      0.7385952248148521       -3.0739604240750706      -1.664805457728129
115.99999999999999       1140                     304.66713211382114       0.27182834518384624      0.7281716548161381       2.6141411159461736       -2.0060142857279177
115.99999999999999       1149.9999999999998       304.66713211382114       0.275234108441803        0.7247658915582575       2.021272722523731        -2.3460982147163554
115.99999999999999       1160                     304.66713211382114       0.2714943616512339       0.7285056383489306       1.4282162258445261       -2.686251595148468
115.99999999999999       1169.9999999999998       304.66713211382114       0.2607303659595493       0.7392696340405934       0.8328514912903018       -3.027568479016739
115.99999999999999       1180                     304.66713211382114       0.24312598356399864      0.7568740164361454       0.23277485418478763      2.912004760685925
115.99999999999999       1190                     304.66713211382114       0.21918085594373646      0.7808191440561564       -0.3747843924365562      2.5650316640120026
115.99999999999999       1200                     304.66713211382114       0.1897098110122711       0.8102901889876926       -0.9932885380318595      2.213714728538658
118                      1100                     304.66713211382114       0.04896235683212937      0.9510376431678966       -0.4555569512515812      -0.062422892833591176
118                      1110                     304.66713211382114       0.07987276441565722      0.9201272355843833       -1.1665987773544861      -0.43043238273666695
118                      1120                     304.66713211382114       0.11463558518229586      0.8853644148174691       -1.8276904410569328      -0.7932761044057274
118                      1129.9999999999998       304.66713211382114       0.1501637620013904       0.8498362379986142       -2.4605589045890155      -1.1505910147824583
118                      1140                     304.66713211382114       0.18369145290732247      0.8163085470927031       -3.075115428206224       -1.5025190122359495
118                      1149.9999999999998       304.66713211382114       0.21334904991580783      0.7866509500842549       2.6063060501693585       -1.849485204756799
118                      1160                     304.66713211382114       0.23783437108872424      0.7621656289113475       2.0137460436795873       -2.1922035262003594
118                      1169.9999999999998       304.66713211382114       0.25626070693116787      0.7437392930688486       1.4274004873100732       -2.5316681864346107
118                      1180                     304.66713211382114       0.2683160033606461       0.7316839966390497       0.8456459753404597       -2.868646970613862
118                      1190                     304.66713211382114       0.27366968589556795      0.7263303141042258       0.2660260263455654       3.078884296258479
118                      1200                     304.66713211382114       0.2723106047233448       0.727689395276641        -0.313071114914783       2.7434984116780656
120                      1100                     304.66713211382114       0.023896552672725987     0.9761034473273306       2.54697302157783         0.608396600963163
120                      1110                     304.66713211382114       0.008087587533439926     0.9919124124666521       1.6331623227045164       0.2395612413137949
120                      1120                     304.66713211382114       0.00340323891585356      0.9965967610841653       0.02534095598407532      -0.13079154249428449
120                      1129.9999999999998       304.66713211382114       0.010434524146636507     0.9895654758532869       -1.4106363317596229      -0.5010484175396713
120                      1140                     304.66713211382114       0.02828512095172035      0.971714879048247        -2.260009494583837       -0.8693192980604235
120                      1149.9999999999998       304.66713211382114       0.05474851173765296      0.9452514882623          -2.956603533517828       -1.2343311825027181
120                      1160                     304.66713211382114       0.08681829305169708      0.9131817069482762       2.683221030788052        -1.5950238628140587
120                      1169.9999999999998       304.66713211382114       0.12149000840742182      0.8785099915924992       2.0664255766821547       -1.9505971119308478
120                      1180                     304.66713211382114       0.15594621346462198      0.844053786535296        1.4657192746784817       -2.3010166134490686
120                      1190                     304.66713211382114       0.18793994610285286      0.8120600538970273       0.8762800570588749       -2.6464668868461154
120                      1200                     304.66713211382114       0.2160347759836507       0.783965224016327        0.29553303327545655      -2.987374154586101
