% Model:              nanoholes_rw_sweep.mph
% Version:            COMSOL 6.0.0.405
% Date:               Apr 11 2024, 10:56
% Table:              Table 1 - Global Evaluation 1
% r (nm)                 h_meta (nm)              freq (THz)               reflection (1)           transmission (1)         reflection_phi (rad)     transmission_phi (rad)
19.999999999999996       1300                     304.66713211382114       0.30538077039576517      0.6946192296041965       1.1977692287350097       0.39268747924678504
19.999999999999996       1310                     304.66713211382114       0.3040323795284545       0.695967620471583        0.3195273196481687       -0.047776879977142375
19.999999999999996       1320                     304.66713211382114       0.30212942336447934      0.697870576635432        -0.5609432129169453      -0.4887317719085113
19.999999999999996       1330                     304.66713211382114       0.3000271803182992       0.6999728196825851       -1.4440458710960091      -0.9303337452011606
19.999999999999996       1340                     304.66713211382114       0.29809308387231087      0.7019069161277423       -2.3300405993058244      -1.3725806179671127
19.999999999999996       1349.9999999999998       304.66713211382114       0.2967549410169137       0.7032450589830155       3.0648833178053465       -1.8153519105044333
19.999999999999996       1360                     304.66713211382114       0.2961954069208896       0.7038045930791552       2.1753771317563944       -2.2584179838871106
19.999999999999996       1369.9999999999998       304.66713211382114       0.2965729333224492       0.7034270666774979       1.285678222215235        -2.701501102922307
19.999999999999996       1380                     304.66713211382114       0.29782433008343434      0.7021756699165164       0.39708708449600705      3.138818061836504
19.999999999999996       1389.9999999999998       304.66713211382114       0.2996826231993544       0.700317376800503        -0.48932872436824526     2.6964829869449254
19.999999999999996       1400                     304.66713211382114       0.3018080569638682       0.6981919430363113       -1.37292919672358        2.2547609931703994
22                       1300                     304.66713211382114       0.3053891356384384       0.6946108643615471       1.328130638458183        0.4580106662396705
22                       1310                     304.66713211382114       0.30405749643001545      0.6959425035700522       0.4523956718026591       0.01839387247786392
22                       1320                     304.66713211382114       0.30194433567767887      0.6980556643223628       -0.42576977579289144     -0.4217731792486407
22                       1330                     304.66713211382114       0.29948705447164253      0.7005129455283777       -1.3069538796936904      -0.8626397051749068
22                       1340                     304.66713211382114       0.2971454479098362       0.7028545520902103       -2.1915126813727355      -1.3043150782132567
22                       1349.9999999999998       304.66713211382114       0.29529061870654916      0.7047093812933735       -3.078963971172339       -1.7466156807819335
22                       1360                     304.66713211382114       0.2943534554602373       0.705646544539726        2.314817506208866        -2.1893794592633102
22                       1369.9999999999998       304.66713211382114       0.2945003535143264       0.7054996464856301       1.4248275772591652       -2.632257409171384
22                       1380                     304.66713211382114       0.29569772813780454      0.7043022718621438       0.5357561111589003       -3.074943620227425
22                       1389.9999999999998       304.66713211382114       0.29774225263546344      0.7022577473646276       -0.3510377267265685      2.7660874528943373
22                       1400                     304.66713211382114       0.3001869319511157       0.699813068048854        -1.2346834887650409      2.324613743167766
24                       1300                     304.66713211382114       0.3053883309384022       0.6946116690615612       1.465391782727466        0.526926133128551
24                       1310                     304.66713211382114       0.30415009937903376      0.695849900621032        0.5922057951274285       0.08819430127882555
24                       1320                     304.66713211382114       0.3019289061427133       0.698071093857296        -0.2832775614522674      -0.3510663235347491
24                       1330                     304.66713211382114       0.2991541510976063       0.7008458489029019       -1.1621682765254906      -0.7911549520883684
24                       1340                     304.66713211382114       0.29631620020742816      0.7036837997926194       -2.0449023427358286      -1.2320942872463923
24                       1349.9999999999998       304.66713211382114       0.2939639270392252       0.7060360729606271       -2.9312636672063563      -1.6738709636121003
24                       1360                     304.66713211382114       0.29252639538311487      0.7074736046168411       2.4629491849604896       -2.116226260246446
24                       1369.9999999999998       304.66713211382114       0.29231378389375856      0.707686216106209        1.5728726273590627       -2.5588217293701865
24                       1380                     304.66713211382114       0.29335298690931627      0.7066470130904213       0.6831716991744202       -3.001352885078096
24                       1389.9999999999998       304.66713211382114       0.29547516893495906      0.7045248310650011       -0.20416360465356465     2.8398330179436035
24                       1400                     304.66713211382114       0.29821933044695115      0.7017806695528711       -1.0881498408356767      2.3985740812188596
25.999999999999996       1300                     304.66713211382114       0.30533714893062164      0.6946628510692486       1.6090388291316247       0.5992642321745741
25.999999999999996       1310                     304.66713211382114       0.30430359338680824      0.6956964066134157       0.7385216181145171       0.16143287825657898
25.999999999999996       1320                     304.66713211382114       0.30207442856834044      0.697925571431763        -0.13406555161920247     -0.27686183260190295
25.999999999999996       1330                     304.66713211382114       0.2990384048881303       0.7009615951116593       -1.0101334772311725      -0.7159640248770557
25.999999999999996       1340                     304.66713211382114       0.29575055969610486      0.7042494403184011       -1.8906363365253804      -1.1561246238295348
25.999999999999996       1349.9999999999998       304.66713211382114       0.29282261170701274      0.707177388292989        -2.77542732561846        -1.5972272136525392
25.999999999999996       1360                     304.66713211382114       0.29080005969950823      0.7091999403004495       2.6195767520324487       -2.039101847106557
25.999999999999996       1369.9999999999998       304.66713211382114       0.29009607818861366      0.7099039218112587       1.729418632267661        -2.481409027661345
25.999999999999996       1380                     304.66713211382114       0.29084194192225366      0.7091580580777906       0.83928949565736         -2.9237321733068753
25.999999999999996       1389.9999999999998       304.66713211382114       0.2929317507205615       0.7070682492793611       -0.048836756791096954    2.917609791285873
25.999999999999996       1400                     304.66713211382114       0.29587120000072087      0.7041287999996602       -0.9334531473685888      2.4765032381041996
28                       1300                     304.66713211382114       0.30516072835485775      0.6948392716451853       1.7587466367745894       0.6748866529892518
28                       1310                     304.66713211382114       0.3044847505619555       0.6955152494379412       0.8911491350901746       0.2380462369623169
28                       1320                     304.66713211382114       0.302350352052467        0.6976496479475143       0.021667836127416542     -0.19921107519418693
28                       1330                     304.66713211382114       0.2991572569087533       0.700842743090675        -0.8513504778225346      -0.6373045521314502
28                       1340                     304.66713211382114       0.29546986942997344      0.7045301305701339       -1.7290408088311986      -1.0765092791322917
28                       1349.9999999999998       304.66713211382114       0.2919355573294682       0.7080644426705682       -2.611641453439378       -1.5167893848922263
28                       1360                     304.66713211382114       0.2892520888189705       0.7107479111810806       2.784568379371921        -1.958085174562024
28                       1369.9999999999998       304.66713211382114       0.28792337866152806      0.7120766213388005       1.8946978835335764       -2.4000043335065664
28                       1380                     304.66713211382114       0.2882191058832019       0.7117808941168858       1.003998481558024        -2.8421160514990627
28                       1389.9999999999998       304.66713211382114       0.29010012460212714      0.7098998753978424       0.11499636619506771      2.9993557111442706
28                       1400                     304.66713211382114       0.29318322737800934      0.7068167726220831       -0.7704526009248347      2.5584122893243197
30                       1300                     304.66713211382114       0.304754168219278        0.6952458317799172       1.9144376666980965       0.753738498528603
30                       1310                     304.66713211382114       0.3045905623694846       0.6954094376304226       1.0495387926957467       0.3178506169864832
30                       1320                     304.66713211382114       0.30274315684205505      0.6972568431578962       0.18343293789413467      -0.11828820256902349
30                       1330                     304.66713211382114       0.299522245711393        0.7004777542885515       -0.6861073102796447      -0.5552806714973652
30                       1340                     304.66713211382114       0.2954884522288223       0.7045115477712346       -1.5605186378812785      -0.9933936819208632
30                       1349.9999999999998       304.66713211382114       0.2913847215961858       0.7086152784038325       -2.4404389182324357      -1.4327504644371207
30                       1360                     304.66713211382114       0.2879544864635552       0.7120455135365211       2.9575144309427657       -1.8732885446206324
30                       1369.9999999999998       304.66713211382114       0.2858776092311092       0.7141223907691184       2.068367292645207        -2.3147290561123697
30                       1380                     304.66713211382114       0.2855617391878681       0.7144382608123038       1.177527561815739        -2.7565030812396154
30                       1389.9999999999998       304.66713211382114       0.28710158119716495      0.7128984188030193       0.28750532373371257      3.085062115813577
30                       1400                     304.66713211382114       0.2901327863158899       0.7098672136841281       -0.5991488472576084      2.64421566914412
31.999999999999996       1300                     304.66713211382114       0.30410012219090304      0.6958998778090277       2.075920225165724        0.8357702659847439
31.999999999999996       1310                     304.66713211382114       0.3045852529735291       0.6954147470264285       1.213719088156138        0.40085045285877974
31.999999999999996       1320                     304.66713211382114       0.30318482489748405      0.6968151751026436       0.3509491997889866       -0.034193559575814284
31.999999999999996       1330                     304.66713211382114       0.3000717030848048       0.6999282969151112       -0.5148202240726752      -0.46995385935086137
31.999999999999996       1340                     304.66713211382114       0.29583099257451645      0.7041690074257615       -1.3854401895251787      -0.9068503677389348
31.999999999999996       1349.9999999999998       304.66713211382114       0.29120647182772497      0.7087935281722456       -2.2621566567602067      -1.345146224405524
31.999999999999996       1360                     304.66713211382114       0.2870241310264892       0.7129758689734778       3.1383396609624343       -1.7847757044610417
31.999999999999996       1369.9999999999998       304.66713211382114       0.284086790186064        0.7159132098139717       2.250528676115913        -2.225523709046915
31.999999999999996       1380                     304.66713211382114       0.28295671514904763      0.7170432848509626       1.3597919718534648       -2.6669501952293224
31.999999999999996       1389.9999999999998       304.66713211382114       0.28392837925948183      0.7160716207405563       0.4689892723060638       -3.108341908116749
31.999999999999996       1400                     304.66713211382114       0.2867255162157528       0.7132744837842016       -0.4190957036769894      2.7340293383652674
33.99999999999999        1300                     304.66713211382114       0.3030353460249096       0.6969646539751825       2.2434834040864          0.9210587367993439
33.99999999999999        1310                     304.66713211382114       0.30436334061299525      0.6956366593871028       1.3835663361546058       0.4870322420629459
33.99999999999999        1320                     304.66713211382114       0.30354906676321536      0.6964509332365917       0.5240065421223256       0.05306579445934433
33.99999999999999        1330                     304.66713211382114       0.30079044884980793      0.6992095511501907       -0.3377801829082878      -0.38140866615278807
33.99999999999999        1340                     304.66713211382114       0.2965013706688311       0.703498629331127        -1.2042375263417384      -0.8169946698389436
33.99999999999999        1349.9999999999998       304.66713211382114       0.29143814716634847      0.7085618528335196       -2.07696214123329        -1.2540244289977889
33.99999999999999        1360                     304.66713211382114       0.2865303693057249       0.7134696306943509       -2.9564871733530005      -1.6925936881339239
33.99999999999999        1369.9999999999998       304.66713211382114       0.28266349063976925      0.7173365093600744       2.4409225626717306       -2.132571849663341
33.99999999999999        1380                     304.66713211382114       0.2805824399530652       0.7194175600469433       1.550876815724561        -2.5734079950408186
33.99999999999999        1389.9999999999998       304.66713211382114       0.2807420148452009       0.7192579851551051       0.6595796800418634       -3.0145183657880055
33.99999999999999        1400                     304.66713211382114       0.28309850318730945      0.7169014968126968       -0.230024345222365       2.8278958758748725
36                       1300                     304.66713211382114       0.3014739696902303       0.6985260303099381       2.417093863118013        1.009636818251277
36                       1310                     304.66713211382114       0.30376822327732794      0.6962317767226407       1.5591860328134468       0.5764175020191918
36                       1320                     304.66713211382114       0.30379409730818224      0.6962059026918429       0.7026610450831805       0.14353870506230618
36                       1330                     304.66713211382114       0.3015696305486704       0.6984303694512813       -0.15514922934725356     -0.2896531536916679
36                       1340                     304.66713211382114       0.29745698819246214      0.7025430118075292       -1.0170913841891924      -0.723840661365002
36                       1349.9999999999998       304.66713211382114       0.2921417623681706       0.7078582376317623       -1.8852732911662182      -1.159466836066267
36                       1360                     304.66713211382114       0.28655452393150205      0.7134454760684638       -2.760770346299773       -1.5967620980538273
36                       1369.9999999999998       304.66713211382114       0.28170440957672266      0.7182955904232081       2.639646774287583        -2.0356495486962336
36                       1380                     304.66713211382114       0.278558046567483        0.7214419534323532       1.7510437970292605       -2.4758141880282447
36                       1389.9999999999998       304.66713211382114       0.27770406980690804      0.7222959301931173       0.8595363916150786       -2.9165767679294166
36                       1400                     304.66713211382114       0.2793199398135813       0.720680060186465        -0.031404522244579326    2.9259332632666637
38                       1300                     304.66713211382114       0.29929044956828704      0.7007095504316876       2.597392645899331        1.1017183409006752
38                       1310                     304.66713211382114       0.30267991188710464      0.6973200881128832       1.7407454685868875       0.6691475568850194
38                       1320                     304.66713211382114       0.3037415469527116       0.6962584530472988       0.8870393788381992       0.23730211901972767
38                       1330                     304.66713211382114       0.3023193958444205       0.6976806041557021       0.03306942500340987      -0.19461532093180522
38                       1340                     304.66713211382114       0.2986144240242285       0.7013855759759606       -0.824254801989008       -0.6273744977269908
38                       1349.9999999999998       304.66713211382114       0.29325685403461627      0.7067431459654527       -1.6873437734919043      -1.0614365971623332
38                       1360                     304.66713211382114       0.28713648182797746      0.7128635181736301       -2.558065831976127       -1.4972720026466109
38                       1369.9999999999998       304.66713211382114       0.28138249632016715      0.7186175036791014       2.846165239950854        -1.9349794598326298
38                       1380                     304.66713211382114       0.2770211026090878       0.7229788973910012       1.9600503598318868       -2.374155278832656
38                       1389.9999999999998       304.66713211382114       0.2749610886337009       0.7250389113664931       1.0691815301581957       -2.814362680158371
38                       1400                     304.66713211382114       0.27554727374808335      0.7244527262518905       0.17745479105060538      3.0284414911452306
39.99999999999999        1300                     304.66713211382114       0.2963671945003982       0.7036328054995207       2.7845816342397165       1.1973798654503336
39.99999999999999        1310                     304.66713211382114       0.3009452993047176       0.6990547006945146       1.928692347825926        0.765361156856882
39.99999999999999        1320                     304.66713211382114       0.3032504564201569       0.6967495435798793       1.0771110163114452       0.3343567874332639
39.99999999999999        1330                     304.66713211382114       0.3028709921253301       0.6971290078745905       0.2266886061442678       -0.09637208507188727
39.99999999999999        1340                     304.66713211382114       0.29987313183352016      0.7001268681666176       -0.6258688050619974      -0.5275830071061285
39.99999999999999        1349.9999999999998       304.66713211382114       0.2947404419214536       0.7052595580783548       -1.4834797271113411      -0.9600083214995601
39.99999999999999        1360                     304.66713211382114       0.28833678557721926      0.7116632144227464       -2.3488056821503913      -1.3942486956969424
39.99999999999999        1369.9999999999998       304.66713211382114       0.28175445286482736      0.7182455471351512       3.0604062193413233       -1.8304140207973034
39.99999999999999        1380                     304.66713211382114       0.27617209056610265      0.7238279094339025       2.1778250604709077       -2.2684183883304323
39.99999999999999        1389.9999999999998       304.66713211382114       0.2727060240370445       0.7272939759634075       1.2886828455990713       -2.7078236820876924
39.99999999999999        1400                     304.66713211382114       0.27201248371790154      0.7279875162823362       0.3964877004686002       3.135323323938201
42                       1300                     304.66713211382114       0.29261145518981674      0.7073885448102187       2.979673083492598        1.2969175061637472
42                       1310                     304.66713211382114       0.2984670782086995       0.7015329217912121       2.1235088512081672       0.8652114187476927
42                       1320                     304.66713211382114       0.30211007091995645      0.697889929080256        1.2733184535622206       0.4349130127024101
42                       1330                     304.66713211382114       0.3030225210462001       0.69697747895379         0.42591298812880807      0.005298342985198272
42                       1340                     304.66713211382114       0.30106290395332297      0.6989370960466325       -0.4220878387747035      -0.4244837063694683
42                       1349.9999999999998       304.66713211382114       0.2964784560716659       0.7035215439283459       -1.2741731922451034      -0.855202533666722
42                       1360                     304.66713211382114       0.2900526588219027       0.7099473411779338       -2.1332696046145827      -1.2876011744240359
42                       1369.9999999999998       304.66713211382114       0.28286555360475174      0.717134446395258        -3.0014381466604054      -1.7220872710249677
42                       1380                     304.66713211382114       0.2761397417495775       0.7238602582506579       2.403992718568989        -2.1586204844484898
42                       1389.9999999999998       304.66713211382114       0.271172518099901        0.7288274818998669       1.5177942418482133       -2.596956046382446
42                       1400                     304.66713211382114       0.2689070892819203       0.731092910718189        0.6262980552660748       -3.0364120234653336
44                       1300                     304.66713211382114       0.2879354450279697       0.7120645549719534       -3.099753574040349       1.4006295611562105
44                       1310                     304.66713211382114       0.29499954041717974      0.7050004595828959       2.3258578215593233       0.9689881106902136
44                       1320                     304.66713211382114       0.3001574397803317       0.6998425602194035       1.4762564342370592       0.5392268434862193
44                       1330                     304.66713211382114       0.3025745071227035       0.6974254928773256       0.6311239767040144       0.11050781038380185
44                       1340                     304.66713211382114       0.30191281717639484      0.6980871828238364       -0.2127046244398282      -0.3178580575057068
44                       1349.9999999999998       304.66713211382114       0.2982714149859434       0.7017285850136068       -1.0592645322844232      -0.7468818530353548
44                       1360                     304.66713211382114       0.29222667631048765      0.7077733236895868       -1.912021858430189       -1.1774157766501654
44                       1369.9999999999998       304.66713211382114       0.28472693134867916      0.7152730686512572       -2.773352924869755       -1.6098912109484795
44                       1380                     304.66713211382114       0.27702934162336007      0.7229706583764969       2.6381233521631655       -2.044703846751663
44                       1389.9999999999998       304.66713211382114       0.27054956843062006      0.7294504315698825       1.7563972774111007       -2.481631285714462
44                       1400                     304.66713211382114       0.2665710828066691       0.7334289171932612       0.8671708212947492       -2.92010123738025
45.99999999999999        1300                     304.66713211382114       0.28234146580424274      0.7176585341957544       -2.8861465246469633      1.5088430816714518
45.99999999999999        1310                     304.66713211382114       0.2904842377824919       0.7095157622175334       2.5371335756556053       1.0771308770806283
45.99999999999999        1320                     304.66713211382114       0.29713110760024414      0.7028688923996652       1.6866648157907431       0.6475376630228219
45.99999999999999        1330                     304.66713211382114       0.30125626143608686      0.6987437385639494       0.8429308648553824       0.2195724595030865
45.99999999999999        1340                     304.66713211382114       0.30224830882953335      0.6977516911703426       0.0025783159530263226    -0.20755099433042612
45.99999999999999        1349.9999999999998       304.66713211382114       0.2999378524835377       0.7000621475165506       -0.8390029704266152      -0.6350148237560396
45.99999999999999        1360                     304.66713211382114       0.2946558817176616       0.705344118282384        -1.6849412150979146      -1.063497684407118
45.99999999999999        1369.9999999999998       304.66713211382114       0.2872423080987239       0.7127576919011515       -2.539026918920132       -1.4939272264111383
45.99999999999999        1380                     304.66713211382114       0.27888948257286733      0.7211105174268962       2.8796847239906884       -1.9266909154040612
45.99999999999999        1389.9999999999998       304.66713211382114       0.27108413792213776      0.7289158620779361       2.004035595601708        -2.36186608052565
45.99999999999999        1400                     304.66713211382114       0.2652142754679561       0.7347857245318682       1.1186378266621217       -2.7990926328060683
48                       1300                     304.66713211382114       0.27584190478075044      0.7241580952192854       -2.6612455258616676      1.622013668717899
48                       1310                     304.66713211382114       0.28480435761561806      0.7151956423841884       2.7581493692766177       1.1898456735619525
48                       1320                     304.66713211382114       0.29288879251970823      0.7071112074801329       1.9056328425996811       0.7602272196191405
48                       1330                     304.66713211382114       0.2988342246070111       0.7011657753930699       1.062048249210727        0.3327124685673442
48                       1340                     304.66713211382114       0.301719075834964        0.6982809241649988       0.22374572350107835      -0.09355347505612094
48                       1349.9999999999998       304.66713211382114       0.3011165080185022       0.6988834919815691       -0.6132073962277831      -0.5194566971702551
48                       1360                     304.66713211382114       0.2970943795899768       0.7029056204098136       -1.4527779992504057      -0.9460000465390274
48                       1369.9999999999998       304.66713211382114       0.29027841154580397      0.709721588454212        -2.299296717578053       -1.3742354359925728
48                       1380                     304.66713211382114       0.28169491614978537      0.7183050838502926       3.1277786039531255       -1.804670188269216
48                       1389.9999999999998       304.66713211382114       0.2728185567414022       0.7271814432579308       2.2598053317156697       -2.237720496906456
48                       1400                     304.66713211382114       0.2651718837454497       0.7348281162545102       1.38021277759528         -2.6732385372621907
50                       1300                     304.66713211382114       0.2685668779825758       0.7314331220173228       -2.423027318770618       1.7407988836682775
50                       1310                     304.66713211382114       0.2779356235945071       0.7220643764054959       2.9913673184894574       1.308064735768495
50                       1320                     304.66713211382114       0.2872999053680579       0.712700094631853        2.135198160624593        0.8780863660451188
50                       1330                     304.66713211382114       0.2950512550478727       0.7049487449509974       1.29011053134113         0.4506294297954374
50                       1340                     304.66713211382114       0.30000676347794947      0.6999932365216031       0.45273058857223786      0.02501068481495758
50                       1349.9999999999998       304.66713211382114       0.30144852379811254      0.6985514762019486       -0.38076605667246166     -0.3996463460190612
50                       1360                     304.66713211382114       0.29919065473211787      0.7008093452679671       -1.214687007898427       -0.8244139963073197
50                       1369.9999999999998       304.66713211382114       0.29353021889464725      0.7064697811053132       -2.0534577280886137      -1.2503765648326846
50                       1380                     304.66713211382114       0.28527804696352704      0.7147219530366267       -2.900890221053573       -1.6783772018526009
50                       1389.9999999999998       304.66713211382114       0.27579255212966447      0.724207447870391        2.523401402961965        -2.1089568894416666
50                       1400                     304.66713211382114       0.26659615540850085      0.7334038445914658       1.6518253496832218       -2.5422622549490463
51.99999999999999        1300                     304.66713211382114       0.2607810614299034       0.7392189385700032       -2.170820224963039       1.8651292130041586
51.99999999999999        1310                     304.66713211382114       0.2700096154860813       0.7299903845138966       -3.0457118262837457      1.4316802017062136
51.99999999999999        1320                     304.66713211382114       0.2802253492748513       0.7197746507253402       2.376047120975824        1.0010325546710361
51.99999999999999        1330                     304.66713211382114       0.2896481248257746       0.710351875174485        1.5275024936738144       0.5732403461456264
51.99999999999999        1340                     304.66713211382114       0.2967887238427039       0.7032112761573641       0.6894144032169944       0.14788248796516776
51.99999999999999        1349.9999999999998       304.66713211382114       0.3005795026700783       0.6994204973299176       -0.14225737979648867     -0.27591792111479085
51.99999999999999        1360                     304.66713211382114       0.30049436117965256      0.6995056388205827       -0.9714783454447263      -0.6991213979145252
51.99999999999999        1369.9999999999998       304.66713211382114       0.296569702662863        0.7034302973370713       -1.8031115195864997      -1.1229017593566004
51.99999999999999        1380                     304.66713211382114       0.2893001892906266       0.7106998107090324       -2.641610374594917       -1.5483488849391471
51.99999999999999        1389.9999999999998       304.66713211382114       0.27981080931203195      0.7201891906882619       2.7926298555808486       -1.9762343357258294
51.99999999999999        1400                     304.66713211382114       0.26958683006728595      0.7304131699329302       1.930655141112813        -2.406987681922033
53.99999999999999        1300                     304.66713211382114       0.25291550185103123      0.7470844981489958       -1.9026076337626294      1.9956790601926575
53.99999999999999        1310                     304.66713211382114       0.26128747723445683      0.7387125227655877       -2.7843349488511087      1.561444990366367
53.99999999999999        1320                     304.66713211382114       0.2717576066789422       0.7282423933210553       2.6306655184633194       1.1299229309581875
53.99999999999999        1330                     304.66713211382114       0.2824872386976275       0.717512761302348        1.7769551012271718       0.7014935702071269
53.99999999999999        1340                     304.66713211382114       0.29172742797536527      0.7082725720246172       0.9360085418599836       0.2759422975162036
53.99999999999999        1349.9999999999998       304.66713211382114       0.2980243590349899       0.7019756409649889       0.10448450345443064      -0.14739121796000698
53.99999999999999        1360                     304.66713211382114       0.3005576888262547       0.6994423111737124       -0.7217997594851231      -0.5694605741414275
53.99999999999999        1369.9999999999998       304.66713211382114       0.29888940506643485      0.7011105949335876       -1.5475729795983213      -0.9913891751580742
53.99999999999999        1380                     304.66713211382114       0.2933309544539203       0.7066690455466887       -2.3775054983463813      -1.4143178305851916
53.99999999999999        1389.9999999999998       304.66713211382114       0.2846205895547963       0.7153794104452967       3.067003919910398        -1.8393439370320546
53.99999999999999        1400                     304.66713211382114       0.27401228881712963      0.7259877111832009       2.216126715073068        -2.267176765995694
56                       1300                     304.66713211382114       0.24565279525893335      0.7543472047411784       -1.6168290917204169      2.132869520343865
56                       1310                     304.66713211382114       0.25219124847029173      0.7478087515296962       -2.5053436365386053      1.6979784430352294
56                       1320                     304.66713211382114       0.2621269365901856       0.7378730634098966       2.9016649213645893       1.2654401075531259
56                       1330                     304.66713211382114       0.27358424467610704      0.7264157553239906       2.0406429134001027       0.8359737289006123
56                       1340                     304.66713211382114       0.2846114793056216       0.7153885206943789       1.1944954535689443       0.40973107431588096
56                       1349.9999999999998       304.66713211382114       0.2934258839159373       0.7065741160837203       0.3607871292195326       -0.013643768818512906
56                       1360                     304.66713211382114       0.29878356714672805      0.7012164328531983       -0.46460094377871963     -0.435050150911506
56                       1369.9999999999998       304.66713211382114       0.2999666582548487       0.70003334174535         -1.285971430930539       -0.8554475591496903
56                       1380                     304.66713211382114       0.2967738569715334       0.7032261430282662       -2.108632993364151       -1.276165152404148
56                       1389.9999999999998       304.66713211382114       0.28966187316150444      0.7103381268384852       -2.937411024504955       -1.6983760960549568
56                       1400                     304.66713211382114       0.27957729762308303      0.7204227023768801       2.506888491892271        -2.1229642190621814
57.99999999999999        1300                     304.66713211382114       0.23968895228507736      0.7603110477150541       -1.3128610056802454      2.276902276143087
57.99999999999999        1310                     304.66713211382114       0.2434481536532626       0.756551846346799        -2.2070336999888975      1.8416632632785073
57.99999999999999        1320                     304.66713211382114       0.25179797103696655      0.748202028963434        -3.0915868198325303      1.4081836159265455
57.99999999999999        1330                     304.66713211382114       0.26310715929789136      0.736892840702024        2.321547312320941        0.9774731163277864
57.99999999999999        1340                     304.66713211382114       0.2753283018729719       0.7246716981267637       1.4678296804047173       0.5501331235032351
57.99999999999999        1349.9999999999998       304.66713211382114       0.2864252510270709       0.7135747489729565       0.6292108058985926       0.1261405414454549
57.99999999999999        1360                     304.66713211382114       0.2947208772836463       0.705279122716322        -0.19773648618838285     -0.29519508342598444
57.99999999999999        1369.9999999999998       304.66713211382114       0.29907576642232003      0.7009242335777313       -1.0172844424587957      -0.7146932130432003
57.99999999999999        1380                     304.66713211382114       0.29890535341026836      0.7010946465898619       -1.8343149247089463      -1.1335452607579561
57.99999999999999        1389.9999999999998       304.66713211382114       0.2942557781407957       0.7057442218590931       -2.654138962568477       -1.5530998957634412
57.99999999999999        1400                     304.66713211382114       0.2856651562849282       0.714334843715079        2.801401666467226        -1.9746110052818737
60                       1300                     304.66713211382114       0.23590364324866075      0.7640963567511309       -0.9911273779636898      2.427882675052349
60                       1310                     304.66713211382114       0.23596893196269314      0.7640310680374729       -1.8879634058562167      1.9929004571038011
60                       1320                     304.66713211382114       0.2415591300865194       0.7584408699134235       -2.780260354728528       1.5587192390040265
60                       1330                     304.66713211382114       0.2515577589177721       0.748442241082326        2.622834205305441        1.1267458213128354
60                       1340                     304.66713211382114       0.26402304215696143      0.7359769578432169       1.7591327204279539       0.6979546647203261
60                       1349.9999999999998       304.66713211382114       0.2768187150793865       0.7231812849205229       0.912609034137734        0.2727427402159066
60                       1360                     304.66713211382114       0.28785722094220917      0.7121427790577654       0.08105224598441974      -0.1491223577754601
60                       1369.9999999999998       304.66713211382114       0.29558977200447983      0.7044102279955645       -0.7393329739687176      -0.5683684349555548
60                       1380                     304.66713211382114       0.29894977920510757      0.7010502207947842       -1.553266028924785       -0.9859804395796266
60                       1389.9999999999998       304.66713211382114       0.2975143964447114       0.7024856035552557       -2.3662312945065143      -1.4033729090064206
60                       1400                     304.66713211382114       0.2914592974608189       0.7085407025390852       3.0998047792331853       -1.821832018614077
61.99999999999999        1300                     304.66713211382114       0.23517477185910496      0.764825228140857        -0.6535252915665214      2.585588780081242
61.99999999999999        1310                     304.66713211382114       0.23086212426527292      0.7691378757348335       -1.5484447232439316      2.151729946116605
61.99999999999999        1320                     304.66713211382114       0.2325070784827784       0.7674929215172294       -2.4456154782604425      1.7174631179426971
61.99999999999999        1330                     304.66713211382114       0.23978099716868687      0.7602190028314949       2.9478564771377704       1.2845367553325087
61.99999999999999        1340                     304.66713211382114       0.2512206481796436       0.7487793518201816       2.072480698304198        0.8541774106332349
61.99999999999999        1349.9999999999998       304.66713211382114       0.26472494532284724      0.7352750546772986       1.2150629481097015       0.4273069781425699
61.99999999999999        1360                     304.66713211382114       0.2779568939804123       0.7220431060201536       0.3754426928719398       0.004172682279231546
61.99999999999999        1369.9999999999998       304.66713211382114       0.28892698311782294      0.7110730168822238       -0.4492898254563908      -0.41560192721395384
61.99999999999999        1380                     304.66713211382114       0.29606660336864327      0.7039333966315084       -1.2635221179912859      -0.8328212910752243
61.99999999999999        1389.9999999999998       304.66713211382114       0.2984970399399844       0.701502960059897        -2.072414556742572       -1.2487257005194474
61.99999999999999        1400                     304.66713211382114       0.295905735525238        0.7040942644747233       -2.8812216599766347      -1.6646219934113675
63.99999999999999        1300                     304.66713211382114       0.2381035987622629       0.7618964012375236       -0.30345682784378863     2.7496956344695187
63.99999999999999        1310                     304.66713211382114       0.2292238429486592       0.7707761570512153       -1.1904430679770674      2.3180282674919273
63.99999999999999        1320                     304.66713211382114       0.22601509049875204      0.7739849095014677       -2.087170282810881       1.8847010870233072
63.99999999999999        1330                     304.66713211382114       0.2291301707785859       0.7708698292213931       -2.984138943564988       1.451307772752141
63.99999999999999        1340                     304.66713211382114       0.23789353186377574      0.7621064681361419       2.411891040843477        1.019615431756515
63.99999999999999        1349.9999999999998       304.66713211382114       0.25063276265484524      0.7493672373452959       1.5412509007150492       0.5908719596248108
63.99999999999999        1360                     304.66713211382114       0.2650118088665662       0.7349881911328686       0.6898497162886034       0.1658843084064106
63.99999999999999        1369.9999999999998       304.66713211382114       0.27864391867340554      0.7213560813264531       -0.143172612791505       -0.25518935708244384
63.99999999999999        1380                     304.66713211382114       0.2895345341338186       0.7104654658662338       -0.9616476658902527      -0.672951882671447
63.99999999999999        1389.9999999999998       304.66713211382114       0.2962107668101386       0.7037892331897314       -1.769943443345857       -1.0882034687672262
63.99999999999999        1400                     304.66713211382114       0.2978321364989021       0.7021678635011984       -2.5737251420510967      -1.502341549215498
66                       1300                     304.66713211382114       0.24484966729901433      0.7551503327010425       0.054537666008003916     2.9197366191865646
66                       1310                     304.66713211382114       0.23192885296352939      0.7680711470364627       -0.818014957501223       2.4914145196047484
66                       1320                     304.66713211382114       0.22350019220873885      0.7764998077912999       -1.70739682253307        2.0601697018153513
66                       1330                     304.66713211382114       0.22124471980376761      0.7787552801963084       -2.60556301493242        1.627466234421247
66                       1340                     304.66713211382114       0.22559389909729646      0.774406100902738        2.7810723128410864       1.1950469344838839
66                       1349.9999999999998       304.66713211382114       0.2356839082418662       0.7643160917581387       1.8964523851258077       0.7646083177827203
66                       1360                     304.66713211382114       0.24954270173494023      0.7504572982653162       1.0301633394804603       0.3374307925071577
66                       1369.9999999999998       304.66713211382114       0.264720363281048        0.7352796367190072       0.1843736005524142       -0.08571410859131448
66                       1380                     304.66713211382114       0.27875511135035375      0.7212448886497077       -0.6428840408122783      -0.5049095337077958
66                       1389.9999999999998       304.66713211382114       0.2896773281198604       0.7103226718801096       -1.4551879986047092      -0.920614192777995
66                       1400                     304.66713211382114       0.2960286348603647       0.7039713651394016       -2.257918910145633       -1.3340174743539774
67.99999999999999        1300                     304.66713211382114       0.2548693018060726       0.7451306981940207       0.41509315427942045      3.0946960216899106
67.99999999999999        1310                     304.66713211382114       0.2391825778623022       0.7608174221376284       -0.4377930994388755      2.670854858731852
67.99999999999999        1320                     304.66713211382114       0.22605357037579396      0.7739464296242793       -1.311942425639859       2.243072045320118
67.99999999999999        1330                     304.66713211382114       0.2179261723389835       0.7820738276609104       -2.2030396864718407      1.8124536862435148
67.99999999999999        1340                     304.66713211382114       0.21637588699623658      0.7836241130038191       -3.1025204538142597      1.380469745901653
67.99999999999999        1349.9999999999998       304.66713211382114       0.22174126624180773      0.7782587337580612       2.2845103791603627       0.9490351315463683
67.99999999999999        1360                     304.66713211382114       0.23291256815917769      0.7670874318407503       1.4020895156665827       0.5198341047717269
67.99999999999999        1369.9999999999998       304.66713211382114       0.24780365983051578      0.7521963401693518       0.5397073045648861       0.09419161440057959
67.99999999999999        1380                     304.66713211382114       0.2637426697429999       0.736257330256991        -0.30130553149981926     -0.3272715172991025
67.99999999999999        1389.9999999999998       304.66713211382114       0.2782765261652251       0.7217234738345977       -1.123117403965486       -0.7446113616630191
67.99999999999999        1400                     304.66713211382114       0.2893665543010445       0.7106334456990977       -1.9298646875419267      -1.1584620321950676
70                       1300                     304.66713211382114       0.2669391308253793       0.7330608691747754       0.7746185869997169       -3.009129960014324
70                       1310                     304.66713211382114       0.25043251952036044      0.7495674804794994       -0.05578970682916777     2.8555045246986825
70                       1320                     304.66713211382114       0.23405615706988678      0.7659438429300206       -0.9082218342491448      2.4325448605743163
70                       1330                     304.66713211382114       0.22054428653401675      0.7794557134654138       -1.7828176518524772      2.0055974154787832
70                       1340                     304.66713211382114       0.21243434896631236      0.787565651033383        -2.675248366714863       1.5756881550826363
70                       1349.9999999999998       304.66713211382114       0.21127376947183843      0.7887262305281658       2.7074452570892458       1.1445781698864277
70                       1360                     304.66713211382114       0.21733851117430336      0.7826614888257628       1.8113554658607762       0.7140924488181208
70                       1369.9999999999998       304.66713211382114       0.22939976129086284      0.7706002387093822       0.9304653935169478       0.28606016880715524
70                       1380                     304.66713211382114       0.24516624963685388      0.7548337503630774       0.07088956530199406      -0.13823998468944493
70                       1389.9999999999998       304.66713211382114       0.26193835613973165      0.7380616438603251       -0.7661809023567404      -0.5581556004637327
70                       1400                     304.66713211382114       0.27707916436788094      0.7229208356321275       -1.5831831719873468      -0.9737906950266111
72                       1300                     304.66713211382114       0.27906437979496923      0.7209356202049451       1.1312528802816693       -2.825700949816942
72                       1310                     304.66713211382114       0.26409657017951405      0.7359034298206083       0.32322373942392696      3.044541573952236
72                       1320                     304.66713211382114       0.24676547589153974      0.7532345241084613       -0.504254068612666       2.6273476963722437
72                       1330                     304.66713211382114       0.2296300245773684       0.7703699754228469       -1.354817737710637       2.2055598481547287
72                       1340                     304.66713211382114       0.2155002475110701       0.7844997524888683       -2.228926183367818       1.7796246901317008
72                       1349.9999999999998       304.66713211382114       0.2070220420553319       0.7929779579446772       -3.1217607932500036      1.350701252323107
72                       1360                     304.66713211382114       0.20584844839440478      0.7941515516056393       2.2599857710618885       0.9204658886832477
72                       1369.9999999999998       304.66713211382114       0.21224336271622457      0.7877566372839032       1.363275528138661        0.4909214940687907
72                       1380                     304.66713211382114       0.22489453726176434      0.7751054627383208       0.4827308456900709       0.06391454025168844
72                       1389.9999999999998       304.66713211382114       0.2414780390413154       0.758521960958683        -0.3750588453137168      -0.3591603572991429
72                       1400                     304.66713211382114       0.2590430046529195       0.740956995347425        -1.2092878162514202      -0.7777777777484239
73.99999999999999        1300                     304.66713211382114       0.28888508303520966      0.7111149169648828       1.4854548527867544       -2.6380680701179635
73.99999999999999        1310                     304.66713211382114       0.27775300524750834      0.7222469947526056       0.6971448090321369       -3.045655135875816
73.99999999999999        1320                     304.66713211382114       0.262196639818902        0.737803360181255        -0.10576718918248756     2.826426609951972
73.99999999999999        1330                     304.66713211382114       0.24409564851391174      0.7559043514862215       -0.9287595801013458      2.410921353867395
73.99999999999999        1340                     304.66713211382114       0.22606343619532782      0.7739365638046857       -1.7760363637008632      1.9906086366778606
73.99999999999999        1349.9999999999998       304.66713211382114       0.2110203229396138       0.7889796770604203       -2.6479353004488084      1.5660459741480302
73.99999999999999        1360                     304.66713211382114       0.20172599341487313      0.798274006585227        2.7429022940238212       1.1382575970329458
73.99999999999999        1369.9999999999998       304.66713211382114       0.20005013641274036      0.7999498635872949       1.840596690166732        0.7090247165951462
73.99999999999999        1380                     304.66713211382114       0.2062975612847586       0.7937024387152026       0.9423578673771974       0.2803331603969354
73.99999999999999        1389.9999999999998       304.66713211382114       0.21924397999324435      0.7807560200067744       0.060944653428254565     -0.14577891849664823
73.99999999999999        1400                     304.66713211382114       0.2364002730943778       0.7635997269055823       -0.7966847126774912      -0.567935518804186
76                       1300                     304.66713211382114       0.2937112256872609       0.7062887743127084       1.840659871526199        -2.4452179399473484
76                       1310                     304.66713211382114       0.2885167850390227       0.7114832149610355       1.066853987608327        -2.848553281868306
76                       1320                     304.66713211382114       0.2773644642840546       0.7226355357159584       0.2849342616811722       3.0292220406193575
76                       1330                     304.66713211382114       0.2614647441188784       0.7385352558812065       -0.5115635690246253      2.620281153141348
76                       1340                     304.66713211382114       0.24267912409145367      0.7573208759084668       -1.3284016752354706      2.2068265385978894
76                       1349.9999999999998       304.66713211382114       0.22363759969595257      0.7763624003041587       -2.169911340138705       1.7885354837014413
76                       1360                     304.66713211382114       0.2073636759054507       0.7926363240945665       -3.0378747412347544      1.3656032063679504
76                       1369.9999999999998       304.66713211382114       0.1967767019220196       0.8032232980780231       2.354785905493656        0.9392133894726816
76                       1380                     304.66713211382114       0.19391063670088518      0.8060893632990613       1.4517622607256682       0.5110623465213935
76                       1389.9999999999998       304.66713211382114       0.19944965050790664      0.8005503494921653       0.5514110391154301       0.08328619208556745
76                       1400                     304.66713211382114       0.2121909852915578       0.787809014708437        -0.33263425974440897     -0.34214907104501596
78                       1300                     304.66713211382114       0.2910501870289449       0.7089498129710019       2.202983932162422        -2.245277419705533
78                       1310                     304.66713211382114       0.2932158884937893       0.7067841115061678       1.4369273965184775       -2.6460187632481333
78                       1320                     304.66713211382114       0.2887228141425058       0.7112771858572866       0.6696529331387797       -3.047100135591806
78                       1330                     304.66713211382114       0.27798963373874663      0.722010366261414        -0.10517626824167055     2.833041175479107
78                       1340                     304.66713211382114       0.2620701586408478       0.7379298413592166       -0.8935575290199937      2.426699695762871
78                       1349.9999999999998       304.66713211382114       0.24281428755988183      0.7571857124401123       -1.7019599967958179      2.0158329652762146
78                       1360                     304.66713211382114       0.22272316567697129      0.777276834323005        -2.535620907801243       1.5999023059121744
78                       1369.9999999999998       304.66713211382114       0.2048946183752894       0.79510538162464         2.886194939562281        1.179132867426182
78                       1380                     304.66713211382114       0.19241498699051654      0.8075850130093427       1.9994405378760256       0.754477357201728
78                       1389.9999999999998       304.66713211382114       0.18771376740406345      0.8122862325961211       1.0967248191095835       0.3276347105360694
78                       1400                     304.66713211382114       0.19173685638190693      0.8082631436182978       0.1934169873661209       -0.09929547595312141
79.99999999999999        1300                     304.66713211382114       0.2787262487123186       0.7212737512876837       2.5820174433132586       -2.0353755588048044
79.99999999999999        1310                     304.66713211382114       0.2889169691388271       0.711083030861153        1.8149310706517263       -2.4358024679441344
79.99999999999999        1320                     304.66713211382114       0.2925770383528917       0.7074229616470952       1.0545611019913466       -2.8344683793919065
79.99999999999999        1330                     304.66713211382114       0.28938533994040117      0.7106146600596606       0.29408743896294554      3.049977978218141
79.99999999999999        1340                     304.66713211382114       0.2796358898755192       0.7203641101245001       -0.4724682001068869      2.6496623041237704
79.99999999999999        1349.9999999999998       304.66713211382114       0.26420900970502975      0.7357909902951568       -1.2514830704332325      2.2462425796708696
79.99999999999999        1360                     304.66713211382114       0.24476352669021587      0.7552364733098073       -2.0494907789391448      1.8383859430530403
79.99999999999999        1369.9999999999998       304.66713211382114       0.22370982353305852      0.7762901764667841       -2.872242339840237       1.425510104807013
79.99999999999999        1380                     304.66713211382114       0.2040902165120232       0.7959097834880317       2.5592825713556437       1.0074184831661024
79.99999999999999        1389.9999999999998       304.66713211382114       0.18922135991680408      0.8107786400831845       1.6791932084110583       0.5849521406200859
79.99999999999999        1400                     304.66713211382114       0.1818488249070215       0.8181511750928245       0.7787533097947852       0.159734515472074
82                       1300                     304.66713211382114       0.2556949134566714       0.7443050865433112       2.9922886669008575       -1.811336471269338
82                       1310                     304.66713211382114       0.27335131386900524      0.7266486861311046       2.213399929329845        -2.214064823703378
82                       1320                     304.66713211382114       0.2856563283461103       0.7143436716537854       1.4495332219836337       -2.6130970042055206
82                       1330                     304.66713211382114       0.2914583618166429       0.7085416381833883       0.6941262799893416       -3.0098953926880108
82                       1340                     304.66713211382114       0.29025225340842614      0.7097477465916359       -0.05916897835856385     2.8770705197995654
82                       1349.9999999999998       304.66713211382114       0.2821311759267972       0.7178688240732086       -0.816827377031957       2.479694943585543
82                       1360                     304.66713211382114       0.26784934772761937      0.7321506522723905       -1.5851070231365467      2.0795460708920896
82                       1369.9999999999998       304.66713211382114       0.24877037301832708      0.7512296269814523       -2.3706791754776764      1.6752622883710078
82                       1380                     304.66713211382114       0.2270643688556211       0.7729356311444718       3.1031507820295507       1.2658858968953766
82                       1389.9999999999998       304.66713211382114       0.2056608488666025       0.794339151133333        2.2650800803148416       0.851253967555701
82                       1400                     304.66713211382114       0.1879342471893427       0.8120657528108421       1.396079411343012        0.4316662694680309
84                       1300                     304.66713211382114       0.2232161257054511       0.7767838742945474       -2.8290732240459775      -1.5688678227631099
84                       1310                     304.66713211382114       0.24582236663299797      0.7541776333670908       2.6498289173643332       -1.9762405940576788
84                       1320                     304.66713211382114       0.2656665298041797       0.7343334701955555       1.869896800772618        -2.3784780695598204
84                       1330                     304.66713211382114       0.28061702468053396      0.7193829753194001       1.1076225235118027       -2.776471470153753
84                       1340                     304.66713211382114       0.289227701106396        0.7107722988938016       0.3564624420453518       3.1116548691092722
84                       1349.9999999999998       304.66713211382114       0.2907744996038107       0.7092255003965626       -0.3903560521470157      2.7177557124462024
84                       1360                     304.66713211382114       0.28514912337558596      0.7148508766243113       -1.138847792360412       2.3233662656345535
84                       1369.9999999999998       304.66713211382114       0.27279825437022787      0.727201745629626        -1.8955531139061061      1.92682931778093
84                       1380                     304.66713211382114       0.2548328666253411       0.7451671333748471       -2.667035466478047       1.5265853678103312
84                       1389.9999999999998       304.66713211382114       0.23309826302915812      0.7669017369708446       2.82305210178324         1.1214869261276372
84                       1400                     304.66713211382114       0.21023583790274658      0.7897641620973008       2.002203022803321        0.7109198873470463
85.99999999999999        1300                     304.66713211382114       0.18669489851358992      0.8133051014861227       -2.287183054109239       -1.303455719104428
85.99999999999999        1310                     304.66713211382114       0.20882143699639288      0.7911785630034173       -3.1323510799910954      -1.7168997069240786
85.99999999999999        1320                     304.66713211382114       0.23263433653995036      0.7673656634601309       2.3388084882492386       -2.1247623949985717
85.99999999999999        1330                     304.66713211382114       0.2548773198676621       0.7451226801323878       1.5547165026367602       -2.527043611430338
85.99999999999999        1340                     304.66713211382114       0.27289845140548286      0.7271015485946465       0.7915759425084586       -2.9245734599829585
85.99999999999999        1349.9999999999998       304.66713211382114       0.2849781439987116       0.7150218560012402       0.04268473584072565      2.9647303054601406
85.99999999999999        1360                     304.66713211382114       0.2901228561101459       0.7098771438896692       -0.6984610005610292      2.5729433932620274
85.99999999999999        1369.9999999999998       304.66713211382114       0.287914741483552        0.7120852585166968       -1.4383733792232751      2.1815014980480893
85.99999999999999        1380                     304.66713211382114       0.27855778612852         0.7214422138714922       -2.183218135726357       1.7887059107527952
85.99999999999999        1389.9999999999998       304.66713211382114       0.26273990215651233      0.7372600978433173       -2.9397984577429233      1.3928292260363642
85.99999999999999        1400                     304.66713211382114       0.24191383121632473      0.7580861687836742       2.5686235750423156       0.9925788470947707
88                       1300                     304.66713211382114       0.15720586614670565      0.8427941338534216       -1.6380103024708224      -1.013413330623391
88                       1310                     304.66713211382114       0.17063401744860945      0.829365982551476        -2.532131226029304       -1.4317830938635536
88                       1320                     304.66713211382114       0.19126331842861088      0.8087366815716145       2.88992616714868         -1.8460685399471557
88                       1330                     304.66713211382114       0.21560741378041717      0.7843925862196582       2.0650051372065903       -2.2549858802302354
88                       1340                     304.66713211382114       0.2399842626638912       0.7600157373361945       1.2720338212151678       -2.6581544281885714
88                       1349.9999999999998       304.66713211382114       0.2613208078968743       0.7386791921029822       0.504419310532237        -3.0559526836341817
88                       1360                     304.66713211382114       0.27749938056316553      0.7225006194366451       -0.24480506943284377     2.833885238873905
88                       1369.9999999999998       304.66713211382114       0.2870799487885065       0.7129200512115373       -0.98248476391892        2.443626917869803
88                       1380                     304.66713211382114       0.28932029833756023      0.7106797016624724       -1.7151639797360088      2.054737711752528
88                       1389.9999999999998       304.66713211382114       0.2840750963611753       0.7159249036389249       -2.4491720325985433      1.6654994652573767
88                       1400                     304.66713211382114       0.27171741036077396      0.7282825896391746       3.0924719234297204       1.2741585210155788
90                       1300                     304.66713211382114       0.14897679337846037      0.8510232066215184       -0.8922135185983472      -0.7016598316493129
90                       1310                     304.66713211382114       0.14603595683034246      0.8539640431695559       -1.8083987116917077      -1.1204859588844625
90                       1320                     304.66713211382114       0.15391248649814648      0.8460875135028938       -2.718574802305888       -1.5386983102299476
90                       1330                     304.66713211382114       0.17107774385703928      0.8289222561429386       2.6821980600625372       -1.9540501548067843
90                       1340                     304.66713211382114       0.194380437349992        0.8056195626485498       1.8370806999785247       -2.3646218503537684
90                       1349.9999999999998       304.66713211382114       0.22006803848634737      0.7799319615137487       1.028839209514791        -2.769491357163935
90                       1360                     304.66713211382114       0.24460219435221228      0.7553978056475844       0.25154032256186426      3.114684620063596
90                       1369.9999999999998       304.66713211382114       0.2652086672755563       0.734791332724477        -0.5023465191847707      2.720923473900392
90                       1380                     304.66713211382114       0.27991239828799785      0.7200876017114102       -1.2401865191067025      2.3311837313134776
90                       1389.9999999999998       304.66713211382114       0.28762409926242655      0.7123759007374179       -1.9682051096810527      1.9441853926205912
90                       1400                     304.66713211382114       0.2877717667046198       0.712228233295278        -2.6932038449247107      1.5580129350319907
91.99999999999999        1300                     304.66713211382114       0.17012102385831815      0.8298789761417273       -0.1354770480352549      -0.37686165511105574
91.99999999999999        1310                     304.66713211382114       0.15024087098195735      0.8497591290180304       -1.0076950820281014      -0.7892465356886053
91.99999999999999        1320                     304.66713211382114       0.13919108272607641      0.8608089172739308       -1.914021556239018       -1.2051485070364951
91.99999999999999        1330                     304.66713211382114       0.13909856053173278      0.8609014394681777       -2.8342356863680815      -1.622316533164402
91.99999999999999        1340                     304.66713211382114       0.14992826949433274      0.8500717305057424       2.542135498145098        -2.038285197389014
91.99999999999999        1349.9999999999998       304.66713211382114       0.16966306062153158      0.8303369393781791       1.6692404359626924       -2.450700606859112
91.99999999999999        1360                     304.66713211382114       0.1947771174057906       0.8052228825941565       0.8368168311294835       -2.8579918730091136
91.99999999999999        1369.9999999999998       304.66713211382114       0.22148746472079794      0.7785125352792258       0.041649708396323155     3.0238527623130915
91.99999999999999        1380                     304.66713211382114       0.2462735244394295       0.753726475560537        -0.7235519479543094      2.628360384057115
91.99999999999999        1389.9999999999998       304.66713211382114       0.26654011164907854      0.7334598883509115       -1.4665544248219853      2.2379950101016197
91.99999999999999        1400                     304.66713211382114       0.2805592800215183       0.7194407199785128       -2.1944172541520683      1.8516057050134682
94                       1300                     304.66713211382114       0.21323523043384066      0.786764769566228        0.5451660370103389       -0.04996559797506437
94                       1310                     304.66713211382114       0.18556820169190447      0.8144317983081815       -0.24902787674073035     -0.4498982598823297
94                       1320                     304.66713211382114       0.1599665138484471       0.840033486151514        -1.0829077730582648      -0.8557770174108965
94                       1330                     304.66713211382114       0.14038739447976878      0.8596126055200253       -1.9595526203729754      -1.2667218986816213
94                       1340                     304.66713211382114       0.1302626231578549       0.869737376842181        -2.87153266323561        -1.6810520900351031
94                       1349.9999999999998       304.66713211382114       0.13153697226103597      0.8684630277389761       2.487698435971426        -2.0963837229358173
94                       1360                     304.66713211382114       0.14393537035843484      0.8560646296416474       1.5818480003485946       -2.510155086447857
94                       1369.9999999999998       304.66713211382114       0.1651436014338628       0.8348563985661014       0.7141819101827366       -2.920147083739186
94                       1380                     304.66713211382114       0.19153659213960897      0.8084634078604694       -0.11049907598584671     2.9583882321121013
94                       1389.9999999999998       304.66713211382114       0.21918459850309793      0.780815401496997        -0.8968876098584546      2.559872117218278
94                       1400                     304.66713211382114       0.24462440250377557      0.7553755974961346       -1.6533666200588524      2.1672121061988583
96                       1300                     304.66713211382114       0.258237215800654        0.7417627841989576       1.1380128752668          0.2724680560974892
96                       1310                     304.66713211382114       0.23542238171201862      0.764577618288395        0.4066983289000049       -0.11350287358277623
96                       1320                     304.66713211382114       0.2083096133127052       0.7916903866872483       -0.3485144731763689      -0.5048526899806287
96                       1330                     304.66713211382114       0.17967853875964493      0.8203214612403432       -1.1364943846689182      -0.90236698803034
96                       1340                     304.66713211382114       0.15310987960928085      0.8468901203908042       -1.96578612079609        -1.3059745723420024
96                       1349.9999999999998       304.66713211382114       0.13261856878513725      0.8673814312145509       -2.840932645902451       -1.71472604989802
96                       1360                     304.66713211382114       0.12176320329253844      0.8782367967075586       2.5280467109680442       -2.1269600234898443
96                       1369.9999999999998       304.66713211382114       0.12258049217478188      0.8774195078252331       1.5995109985328666       -2.540329117493066
96                       1380                     304.66713211382114       0.13493961587638098      0.8650603841235103       0.6896111544527775       -2.9521923557831506
96                       1389.9999999999998       304.66713211382114       0.15651400943745725      0.843485990562566        -0.17945012227976967     2.922840750514867
96                       1400                     304.66713211382114       0.18359872145793804      0.8164012785421317       -1.0025144017853265      2.5200425449110817
97.99999999999999        1300                     304.66713211382114       0.2835996072846508       0.7164003927154785       1.675833263512262        0.5928784197440453
97.99999999999999        1310                     304.66713211382114       0.27475610776255915      0.7252438922374419       0.980388429837297        0.2173568117529617
97.99999999999999        1320                     304.66713211382114       0.25845428026371947      0.7415457197365173       0.2758249205579509       -0.16084683005439127
97.99999999999999        1330                     304.66713211382114       0.23572976543260143      0.764270234567313        -0.44433398832398435     -0.5432579613505772
97.99999999999999        1340                     304.66713211382114       0.2082451731323958       0.7917548268686845       -1.1873496317833514      -0.9310020403128865
97.99999999999999        1349.9999999999998       304.66713211382114       0.17865831673894766      0.8213416832610404       -1.962100593714544       -1.3248985177391177
97.99999999999999        1360                     304.66713211382114       0.15045886662317734      0.8495411333770775       -2.7780485191968496      -1.7249911316402515
97.99999999999999        1369.9999999999998       304.66713211382114       0.1276788793382107       0.8723211206618013       2.6404157963552315       -2.130589006597462
97.99999999999999        1380                     304.66713211382114       0.11412589165732656      0.8858741083428548       1.7300333309021043       -2.540102545357911
97.99999999999999        1389.9999999999998       304.66713211382114       0.11233153291981787      0.8876684670801878       0.7962516377972267       -2.9513156613288856
97.99999999999999        1400                     304.66713211382114       0.12257868187375656      0.8774213181261391       -0.12435024519708661     2.921588510753188
100                      1300                     304.66713211382114       0.2732733695864286       0.7267266304134712       2.2058166315032612       0.9235854716508642
100                      1310                     304.66713211382114       0.2824263782275004       0.7175736217721935       1.5193972654645307       0.5512383008530617
100                      1320                     304.66713211382114       0.2836200520876277       0.7163799479123497       0.8364955679363686       0.18001370722890522
100                      1330                     304.66713211382114       0.27678136375516904      0.723218636244843        0.15168868633013866      -0.1918397210349986
100                      1340                     304.66713211382114       0.2622454108729816       0.7377545891269824       -0.5404462783183267      -0.5659282584159794
100                      1349.9999999999998       304.66713211382114       0.24079392693181         0.7592060730686263       -1.2456587601957285      -0.9437092874863016
100                      1360                     304.66713211382114       0.21389015306545867      0.7861098469342581       -1.9711982688551613      -1.326651830221184
100                      1369.9999999999998       304.66713211382114       0.18375800002219175      0.8162419999776364       -2.7254155853689492      -1.7155682131876573
100                      1380                     304.66713211382114       0.15358456808468         0.8464154319155418       2.765098486860656        -2.1107212347373867
100                      1389.9999999999998       304.66713211382114       0.12738590849674916      0.8726140915032198       1.923257500134843        -2.5118707445135744
100                      1400                     304.66713211382114       0.1091641191488604       0.890835880851088        1.028372927104444        -2.9176823155486846
101.99999999999999       1300                     304.66713211382114       0.21906201083797727      0.7809379891620211       2.7936203908133646       1.285503333517067
101.99999999999999       1310                     304.66713211382114       0.2452074433971089       0.7547925566032366       2.0849816190595423       0.9074811364468941
101.99999999999999       1320                     304.66713211382114       0.26524791062930203      0.7347520893709736       1.3937312799458512       0.534089009382641
101.99999999999999       1330                     304.66713211382114       0.278091764483021        0.7219082355170586       0.7139225424145006       0.16414595366173096
101.99999999999999       1340                     304.66713211382114       0.2830407565026781       0.7169592434974911       0.03955105039028432      -0.2040535891775073
101.99999999999999       1349.9999999999998       304.66713211382114       0.2799894860041511       0.7200105139960431       -0.6341097656885971      -0.5720180827757
101.99999999999999       1360                     304.66713211382114       0.2689625728782755       0.7310374271216253       -1.3121911954547063      -0.9414269220451312
101.99999999999999       1369.9999999999998       304.66713211382114       0.25054223648335383      0.7494577635165787       -2.000176798374088       -1.3138514950315574
101.99999999999999       1380                     304.66713211382114       0.2256819936734432       0.774318006326318        -2.7039314442464963      -1.6906485556508184
101.99999999999999       1389.9999999999998       304.66713211382114       0.19619111495615124      0.8038088850441379       2.8517636842378247       -2.073049910831312
101.99999999999999       1400                     304.66713211382114       0.16464907676916762      0.8353509232307652       2.0914948747527493       -2.461676505524137
103.99999999999999       1300                     304.66713211382114       0.13233306524823069      0.867666934751823        -2.717692250868086       1.7037864754854628
103.99999999999999       1310                     304.66713211382114       0.1638619727288678       0.8361380272710435       2.7782220953432724       1.3129529106936408
103.99999999999999       1320                     304.66713211382114       0.1961761062735464       0.8038238937265448       2.0341104770952367       0.9285091164408558
103.99999999999999       1330                     304.66713211382114       0.2258803579976553       0.7741196420022578       1.3209742916551561       0.5501819753884165
103.99999999999999       1340                     304.66713211382114       0.2505927308555741       0.7494072691443505       0.6297581601499234       0.17734840085618084
103.99999999999999       1349.9999999999998       304.66713211382114       0.2686803247848367       0.7313196752152223       -0.04664480537698356     -0.19123088372307354
103.99999999999999       1360                     304.66713211382114       0.2793029949485703       0.7206970050514362       -0.7141409163615386      -0.5569945916687866
103.99999999999999       1369.9999999999998       304.66713211382114       0.2819799311555075       0.7180200688437467       -1.3777404345923805      -0.9214554013726745
103.99999999999999       1380                     304.66713211382114       0.2765834490475413       0.7234165509526613       -2.0420578956740862      -1.2861326940632007
103.99999999999999       1389.9999999999998       304.66713211382114       0.2633598601424397       0.7366401398577108       -2.712028271406283       -1.6526991460669735
103.99999999999999       1400                     304.66713211382114       0.2428619917579305       0.7571380082420244       2.890410346633425        -2.022607436628895
106                      1300                     304.66713211382114       0.071692536249522        0.9283074637504725       -1.4814402066089787      2.1894859673939187
106                      1310                     304.66713211382114       0.08045510064443173      0.919544899355247        -2.4406914301848004      1.7892503950298069
106                      1320                     304.66713211382114       0.10083407410089852      0.8991659258991109       2.9448624219839616       1.391758185377567
106                      1330                     304.66713211382114       0.12946949142451417      0.8705305085755712       2.117928199747947        0.9991340237713945
106                      1340                     304.66713211382114       0.16222176902128627      0.8377782309787403       1.3481598040841658       0.6124506788409755
106                      1349.9999999999998       304.66713211382114       0.19517122129259581      0.8048287787074474       0.6198701859968613       0.23212777526244238
106                      1360                     304.66713211382114       0.22519039698425228      0.7748096030157103       -0.07902233554911053     -0.1420485866534085
106                      1369.9999999999998       304.66713211382114       0.24987897417788518      0.7501210258220788       -0.7575713735715827      -0.5109000500298587
106                      1380                     304.66713211382114       0.26786892409734303      0.732131075902741        -1.42251942741031        -0.8756835684435228
106                      1389.9999999999998       304.66713211382114       0.27835194937945995      0.7216480506206213       -2.0793070247485974      -1.2377813285309873
106                      1400                     304.66713211382114       0.2809144477535778       0.7190855522464707       -2.7321763265080907      -1.598460777610717
107.99999999999999       1300                     304.66713211382114       0.11132590297512257      0.8886740970248909       -0.04567751176321707     2.7113301164773578
107.99999999999999       1310                     304.66713211382114       0.0840775411946212       0.9159224588053737       -0.8872583265954105      2.320323448927534
107.99999999999999       1320                     304.66713211382114       0.06625478478290163      0.9337452152173163       -1.810325291492905       1.925084904343667
107.99999999999999       1330                     304.66713211382114       0.06077087832282291      0.9392291216771784       -2.7962180329532798      1.52768315418614
107.99999999999999       1340                     304.66713211382114       0.06860942043398333      0.9313905795661975       2.5082327944733667       1.130400723226643
107.99999999999999       1349.9999999999998       304.66713211382114       0.08837920864743595      0.9116207913527048       1.600172641707085        0.7357828967807076
107.99999999999999       1360                     304.66713211382114       0.1169490249580803       0.8830509750419179       0.772037071694525        0.34578193144419417
107.99999999999999       1369.9999999999998       304.66713211382114       0.15018512806621076      0.8498148719339292       0.006210423148733708     -0.03845204491501543
107.99999999999999       1380                     304.66713211382114       0.18413349985074412      0.8158665001490234       -0.715660033741041       -0.4163064937899072
107.99999999999999       1389.9999999999998       304.66713211382114       0.215603287692266        0.7843967123079613       -1.4072112996151607      -0.788008300459766
107.99999999999999       1400                     304.66713211382114       0.24206201286612344      0.7579379871339611       -2.0777795525847895      -1.154319416385344
109.99999999999999       1300                     304.66713211382114       0.21467143082030343      0.7853285691796482       0.8918399348328022       -3.068777717837745
109.99999999999999       1310                     304.66713211382114       0.1831824982617815       0.8168175017381337       0.21624635166758222      2.8471137146585543
109.99999999999999       1320                     304.66713211382114       0.14873043320314136      0.851269566796902        -0.4867972105339099      2.4738872758943407
109.99999999999999       1330                     304.66713211382114       0.11440362852228748      0.8855963714779126       -1.230493015321157       2.0943861169853735
109.99999999999999       1340                     304.66713211382114       0.0839878596065656       0.916012140393434        -2.0349147519581643      1.7088826710214655
109.99999999999999       1349.9999999999998       304.66713211382114       0.06156910461342538      0.9384308953858855       -2.9248966162737853      1.318628678441039
109.99999999999999       1360                     304.66713211382114       0.0505397642871525       0.949460235712882        2.3747967938114662       0.9252979885174347
109.99999999999999       1369.9999999999998       304.66713211382114       0.05277451955038243      0.9472254804498753       1.357511240347508        0.5310789169438571
109.99999999999999       1380                     304.66713211382114       0.06785268504512312      0.9321473149549023       0.4024876026266253       0.13856178124247664
109.99999999999999       1389.9999999999998       304.66713211382114       0.09337721991041392      0.9066227800896864       -0.45692611086287876     -0.25029587738562614
109.99999999999999       1400                     304.66713211382114       0.12553780914774718      0.874462190852317        -1.2383795999452891      -0.6338754875585176
112                      1300                     304.66713211382114       0.2762618181805756       0.7237381818195469       1.5804812460406144       -2.5959710340482203
112                      1310                     304.66713211382114       0.26788075582826437      0.7321192441719252       0.9601915038815674       -2.945537189399087
112                      1320                     304.66713211382114       0.25213046995599553      0.7478695300443075       0.3345195114833913       2.9859306539185666
112                      1330                     304.66713211382114       0.22947596184407307      0.7705240381559485       -0.29972229919618637     2.630979811221487
112                      1340                     304.66713211382114       0.20084434924795477      0.7991556507522134       -0.9480334745422315      2.2713505607605655
112                      1349.9999999999998       304.66713211382114       0.1676773420299465       0.8323226579700415       -1.6159416898833865      1.9063276413141188
112                      1360                     304.66713211382114       0.1323859434140289       0.8676140565858768       -2.312434794047419       1.535416531646992
112                      1369.9999999999998       304.66713211382114       0.09809026313648139      0.9019097368635631       -3.053134362214601       1.158203979749274
112                      1380                     304.66713211382114       0.06860096408699944      0.9313990359131464       2.4212084898753354       0.7753996773523107
112                      1389.9999999999998       304.66713211382114       0.04787135451454122      0.9521286454854164       1.5092274795636682       0.38814672601716316
112                      1400                     304.66713211382114       0.03905358820957001      0.9609464117904752       0.4848684180827978       -0.0017304801578985774
113.99999999999999       1300                     304.66713211382114       0.23485109480216868      0.7651489051977666       2.227554536515982        -2.106063570850825
113.99999999999999       1310                     304.66713211382114       0.255524075044729        0.7444759249553066       1.6099820634387156       -2.4556314740718332
113.99999999999999       1320                     304.66713211382114       0.2693335934591256       0.7306664065407543       0.9991878087393217       -2.8023003822576436
113.99999999999999       1330                     304.66713211382114       0.27586521580598655      0.7241347841941275       0.3923461665516308       3.1359840444111393
113.99999999999999       1340                     304.66713211382114       0.27502528329551956      0.7249747167045822       -0.213507075762291       2.791499935726326
113.99999999999999       1349.9999999999998       304.66713211382114       0.2668226526275082       0.7331773473724279       -0.8210476518616667      2.4462877072924525
113.99999999999999       1360                     304.66713211382114       0.2514212134011147       0.7485787865989666       -1.433104343041862       2.099047746459417
113.99999999999999       1369.9999999999998       304.66713211382114       0.22925854689018782      0.7707414531098556       -2.0527551567877227      1.7486922207551039
113.99999999999999       1380                     304.66713211382114       0.20112570276717623      0.7988742972329548       -2.6839691875865563      1.3940588782454018
113.99999999999999       1389.9999999999998       304.66713211382114       0.16826142038408842      0.8317385796159943       2.951116016092472        1.0341940007612902
113.99999999999999       1400                     304.66713211382114       0.132805067164336        0.86719493283571         2.2787449065684995       0.6685746165609739
115.99999999999999       1300                     304.66713211382114       0.08916080651929886      0.9108391934805976       3.0571115756731806       -1.5166068096385048
115.99999999999999       1310                     304.66713211382114       0.12438942532852597      0.8756105746715215       2.3697268086506638       -1.8838993823456942
115.99999999999999       1320                     304.66713211382114       0.1600168643810361       0.8399831356188902       1.715835790775166        -2.2454311083576965
115.99999999999999       1330                     304.66713211382114       0.19329641017173887      0.8067035898282994       1.0837962956763163       -2.601274341425086
115.99999999999999       1340                     304.66713211382114       0.22219754281453657      0.7778024571853671       0.46669429064752416      -2.9521037624084787
115.99999999999999       1349.9999999999998       304.66713211382114       0.2454684408452217       0.7545315591548226       -0.1398843757529336      2.984537260126505
115.99999999999999       1360                     304.66713211382114       0.26228779052339835      0.7377122094808642       -0.7393277103849978      2.6412217110018905
115.99999999999999       1369.9999999999998       304.66713211382114       0.2722653795639919       0.7277346204360053       -1.3343278789885966      2.300078445819008
115.99999999999999       1380                     304.66713211382114       0.2751783331689843       0.7248216668310737       -1.9271202312260134      1.9600326035961326
115.99999999999999       1389.9999999999998       304.66713211382114       0.27102106647832985      0.7289789335216874       -2.5201542045873158      1.6198897681321591
115.99999999999999       1400                     304.66713211382114       0.25976197591391026      0.7402380240861294       -3.115765589058587       1.2784100847517617
118                      1300                     304.66713211382114       0.018615092070414112     0.981384907929543        -0.5627232542058542      -0.7865247086669102
118                      1310                     304.66713211382114       0.010056971332416904     0.9899430286676223       -1.7801661286600747      -1.1623851502583473
118                      1320                     304.66713211382114       0.013901775007093945     0.9860982249927142       -3.117779443358411       -1.5386892618114754
118                      1330                     304.66713211382114       0.029566843934534875     0.9704331560654353       2.1693230552197766       -1.9133549017789067
118                      1340                     304.66713211382114       0.05495372250250805      0.9450462774975115       1.38302636480221         -2.28482286953518
118                      1349.9999999999998       304.66713211382114       0.08696516992437239      0.9130348300755883       0.6852128003846256       -2.6517625690715767
118                      1360                     304.66713211382114       0.12217287074572869      0.8778271292543832       0.031249186870265778     -3.013496382920274
118                      1369.9999999999998       304.66713211382114       0.15742525918250352      0.8425747408177605       -0.5971929242829089      2.9134787890844613
118                      1380                     304.66713211382114       0.19030690864223945      0.8096930913577255       -1.2086962710986997      2.5626788575593493
118                      1389.9999999999998       304.66713211382114       0.21897250631760146      0.7810274936823541       -1.8083066039503128      2.216657088440739
118                      1400                     304.66713211382114       0.2422126651628796       0.7577873348372267       -2.3993542654282423      1.8746905570183912
120                      1300                     304.66713211382114       0.17498087842185803      0.8250191215781784       0.8703750882052427       -0.049802574794849196
120                      1310                     304.66713211382114       0.14170814735444437      0.8582918526457641       0.27686515689672986      -0.3972212469777986
120                      1320                     304.66713211382114       0.10685566481822753      0.893144335181777        -0.3294853606578517      -0.7497345152928018
120                      1330                     304.66713211382114       0.0729149837088108       0.9270850162912603       -0.9563095441880344      -1.1076200567767587
120                      1340                     304.66713211382114       0.04279136411902965      0.9572086358808272       -1.616348867984407       -1.4700892828559335
120                      1349.9999999999998       304.66713211382114       0.019613127498411643     0.9803868725017915       -2.355273434765649       -1.836594486436374
120                      1360                     304.66713211382114       0.006100457334022163     0.993899542665993        2.9193968462519897       -2.2060163785281293
120                      1369.9999999999998       304.66713211382114       0.0039381664637043795    0.9960618335365465       1.181585235730073        -2.576451347176044
120                      1380                     304.66713211382114       0.013432876317860705     0.9865671236821605       -0.06750299781351442     -2.9464796798962976
120                      1389.9999999999998       304.66713211382114       0.03337027559989097      0.9666297244001962       -0.865799060036106       2.9689570243599115
120                      1400                     304.66713211382114       0.061303306523746        0.9386966934767429       -1.5467705663413762      2.604880192911025
